No of indents,Hardness (GPa),Reduced Young Modulus (GPa),Young Modulus (GPa),Stiffness (uN/nm
0,7.50769236034548,43.2613302340903,40.9127830620491,59.0867267494812
1,4.35200699129945,53.2568820870327,50.8265706308197,95.5376138441517
2,2.35172689566259,147.948064788254,154.598002220399,361.043881964896
3,3.19590281779244,108.101077105319,108.621608714764,226.295102239518
4,3.02916998374524,166.955527472186,177.848160789563,358.98910680478
5,2.64462484733697,196.599028568497,215.967324046594,452.421604373246
6,3.1719626697922,120.154134366208,122.151773802541,252.474084585515
7,3.27981716433936,59.4110762617177,57.0211756591102,122.7681325615
8,3.90647982648932,45.8544098282945,43.4673398621932,86.8221823509889
9,3.30537529604115,44.4066635566824,42.0396179218242,91.4074975624687
10,3.47448726361209,276.26662065023,331.294960900392,554.660231124023
11,2.70291817298001,299.271293848108,368.636705621377,681.227175327201
12,3.15151851360619,292.02233859562,356.652834043253,615.601348084183
13,3.07662322693683,297.250638926185,365.275600141313,634.204237609136
14,3.77093422572075,339.831988039705,439.669633734191,654.910724124396
15,3.56494463350392,220.976675522706,249.146485007666,437.989453041113
16,3.12345981450138,99.8678468174231,99.5586807765187,211.47096745477
17,4.1193775273671,68.0851938575574,65.8724028441037,125.539200186612
18,3.02425972431337,43.4051849452284,41.0541857557081,93.4062583125883
19,2.51510067473416,272.092520009574,324.730272560777,642.069592829104
20,3.11056679106308,248.917308684691,289.393842316248,528.177226694082
21,3.0743325726528,253.212669024793,295.804638183456,540.447358412968
22,2.76816111731588,281.030650321325,338.864899869406,632.120972422663
23,2.92118045167485,279.214149824175,335.968700710356,611.366202608231
24,3.38116197197457,189.089898923449,206.087738771334,384.837593394202
25,3.07354036384448,96.9562739533176,96.3877579041712,206.966508921806
26,3.76911631452274,86.6686715635397,85.3234329955105,167.06496510664
27,2.8382572935275,46.5869932136742,44.1912238581069,103.486142734054
28,2.62226686528292,295.613599122359,362.564307769124,683.169334219183
29,2.66903210131732,293.078493863133,358.386172112151,671.352100654112
30,2.9099069225452,283.295508628805,342.49304465486,621.502665532973
31,2.65508947265556,286.28782188633,347.315846920628,657.516062641807
32,2.82378547438887,317.387140751081,399.502768061482,706.832147427601
33,2.87346649891224,262.755660684671,310.2707373217,580.086804179977
34,3.24456715714547,118.999752011966,120.842164398219,247.235496073932
35,3.25724853428513,85.7153153641832,84.3089720077851,177.736671834631
36,2.47558315697135,44.7638109608243,42.3914765560108,106.471013024572
37,2.72768874451629,276.413712561882,331.527445247471,626.332085291216
38,2.51338598715823,277.174602636525,332.731318253808,654.285565016826
39,2.62653547503336,304.049574629725,376.648986997565,702.092728276257
40,2.76905264256394,313.945462838749,393.5353178874,706.046158215522
41,2.80142967290137,295.028104577728,361.597135819523,659.654718077015
42,2.69794239446091,262.672478555754,310.143291619237,598.468642178296
43,2.9709500282208,123.543318858985,126.013786293147,268.234383962763
44,2.99103960978484,87.5974056263236,86.3134517090871,189.550322285276
45,3.71494814847309,51.869097844484,49.4393060370859,100.710722874364
46,2.81123213308478,256.907586368534,301.368858632275,573.417906182249
47,2.75412834020421,262.48536100489,309.856691251415,591.911179532867
48,3.06504984448879,303.802791869035,376.232951011244,649.406867004412
49,2.93898983156854,342.049570880652,443.759977001105,746.676465074707
50,2.85199774530121,295.837562799528,362.934623295561,655.574073997411
51,2.8755709838131,305.598436968443,379.265701078765,674.422798826619
52,2.57238220720495,127.569571821004,130.63516393176,297.661993006254
53,2.76567143637806,84.3800964599962,82.8912370431208,189.881777488088
54,3.55421698107713,47.6761663971275,45.2692489208846,94.6392828528887
55,1.90605574461942,236.269596823505,270.868931959017,640.445621341081
56,3.14868853545707,284.028225420685,343.670889446082,599.016583989616
57,3.00816444768093,259.097452000106,304.688494377544,559.05689423547
58,3.43185898153969,275.884524182169,330.691410390885,557.321905283091
59,2.97227172257965,320.511707905709,404.963500785615,695.733905923776
60,3.3501981226209,294.231017773281,360.282575181137,601.585198164457
61,3.79893181104702,136.433272112794,140.938964610205,261.958459209777
62,4.53781215825658,105.58981222743,105.842064265051,185.499396595511
63,4.20613196859524,51.4872923344094,49.0582607757239,93.9509818635082
64,2.84336140967298,294.736497302493,361.115929542617,654.123842290064
65,2.57114805967983,278.142216011012,334.265317423296,649.152698781442
66,2.71923604015293,286.517325403412,347.687131923203,650.237429746767
67,2.9512854983986,285.583536416203,346.177708738801,622.114008908252
68,2.95643963560323,320.679250403736,405.257479412467,697.957518927988
69,2.58420003569697,281.802184729507,340.098707438883,656.031189165085
70,2.79132323286453,165.030140991259,175.451977153498,369.659125645259
71,2.87601861997693,99.5403755819044,99.2011588488158,219.657957627334
72,3.89020244584021,41.986953580881,39.6617380245329,79.6658844481807
73,2.46875832089109,277.883739906375,333.85520923869,661.860649209202
74,2.27793090275313,276.245022910276,331.260831476625,684.964545349439
75,2.83370489481791,288.615756870529,351.091142986785,641.630284623951
76,2.76427180089182,278.054002362995,334.125326769139,625.868010180579
77,2.50444473079208,307.98490266083,383.316440080836,728.310349152165
78,2.6622620322959,299.900222876073,369.686127533422,687.850677780683
79,3.65404369625913,178.654778286759,192.61327515941,349.759903335975
80,2.96253766315948,98.2978957179896,97.8466951253303,213.724710189135
81,5.66608721543014,41.966118945142,39.6413088379871,65.9779612088582
82,9.16111775930274,11.0767857813612,10.1782873517942,13.695567760748
83,3.202930400036,135.695649811683,140.074600164973,283.748936843832
84,4.28430919353908,117.2344254426,118.845144518876,211.961590491639
85,3.10647558900744,120.386362737958,122.415585692554,255.61483279988
86,2.90867873748081,205.984287836548,228.537303455093,451.990827444039
87,2.66981023529723,149.793413088606,156.816352782078,343.08107471352
88,3.60484471552378,65.7592218598007,63.4849858626696,129.615225914458
89,3.46561626448569,57.3609743002727,54.9498296714288,115.310845720504
90,5.56499889035484,53.6846645314224,51.2549039082684,85.1648474119509
91,2.77385172864387,301.12044395299,371.72662907312,676.61648783322
92,2.89158565620459,301.027229492303,371.57054419587,662.491779513056
93,3.24299867435638,331.679093684537,424.823179465471,689.266213641398
94,2.92046701135385,326.877502305502,416.217809598231,715.816128725557
95,2.74956907415174,354.368899364727,466.900516407775,799.7711779952
96,3.92049122485338,202.354642258558,223.646339588829,382.460386811677
97,3.70799687939623,118.378490788487,120.138581950004,230.062058966861
98,3.43527782695648,81.6182801430021,79.9700333548068,164.797006991425
99,2.81907705371321,42.9224895961689,40.579863792531,95.6696106378843
100,3.5551229980197,285.503034981886,346.047735649869,566.665329998239
101,2.39482517686017,305.067743999993,378.368039709127,737.738725065523
102,2.83712052610114,373.513234141315,504.326519950342,829.869751996524
103,2.22954621004497,331.923903452702,425.264646427578,831.904276073293
104,2.94907970396306,351.486914734984,461.42268324021,765.962116404059
105,2.80591972494498,233.879044356355,267.425278909571,522.513161672609
106,2.85768455788993,113.114911188487,114.211518813872,250.412491690126
107,3.48336394472447,98.6981914346202,98.2827181825961,197.903349625519
108,2.98114914995203,47.6903422577135,45.2832937860044,103.366734388824
109,3.08871498514768,306.545609449448,380.870654866647,652.75302337735
110,2.78247197169259,309.934894420948,386.643492415458,695.342057909202
111,2.10243394908384,282.306902767092,340.907025929736,728.620175720182
112,2.6955504537986,329.604723273459,421.093086054032,751.298602885695
113,2.64893030358376,309.480432654084,385.866708354401,711.608402400038
114,2.67046095933929,241.152495655197,277.959440041834,552.257636581762
115,2.8568656756537,120.907632413264,123.008184511698,267.70194239606
116,2.38420686096896,89.8099267919303,88.6789882973946,217.668346268541
117,3.35577757752349,56.5826824967047,54.1655151771008,115.592473168268
118,2.8136096938856,281.669131696567,339.885777000433,628.42275318181
119,2.77795249769998,283.674285432121,343.101679655726,636.94177564372
120,2.32147589025295,314.962345152935,395.293321025672,773.603537249394
121,2.68139775896043,292.313006654408,357.129443922498,668.052967587488
122,2.86207816310636,317.650543376823,399.961519861104,702.67019944648
123,2.83441404334838,255.190716895803,298.777660742436,567.252340439505
124,2.91649763527384,112.053513392716,113.023644027087,245.548457804534
125,3.1526993329383,95.404392843886,94.7048251997479,201.080389431947
126,6.28878710842984,68.3513450562056,66.146242268499,102.001619968654
127,2.79941633980008,267.845431147085,318.114876262788,599.091765506964
128,2.57003928220979,275.140573056948,329.517803005922,642.284689227434
129,2.49081013863258,296.616972563954,364.224871119996,703.345786899479
130,2.63501003414774,289.150463835899,351.961194918095,666.615523439222
131,2.78756308253453,293.138978710152,358.485568498245,657.059647417792
132,3.10701069220692,323.550930074514,410.314904054708,686.934550896999
133,3.49178799899855,98.7245337466966,98.3114233018201,197.717073413516
134,3.24931617521734,94.4798464003418,93.704565782685,196.148941217395
135,6.82758015320498,57.0152178190352,54.6012591637992,81.6580755017808
136,3.16380266282476,277.02403236751,332.492920018379,582.848928891655
137,3.72313349146793,299.896153624976,369.679332622961,581.646196076279
138,3.28677988458426,244.762182010036,283.250517738568,505.244529675917
139,3.56407909990496,238.820950864151,274.56425374357,473.415119030683
140,3.07752762427319,329.251016573405,420.458949111523,702.373504478175
141,2.75808097364964,311.431212559495,389.207039678511,701.780533189973
142,3.22029287228583,134.916199418945,139.162591502732,281.358059404094
143,3.26081444945388,106.332393083209,106.662576615868,220.366380393295
144,3.75614299278702,56.9949390498088,54.5808222246839,110.054366932114
145,2.67739318452187,302.246051137188,373.614149128864,691.267770916249
146,2.66973139734671,315.721230194728,396.608101470943,723.122096045347
147,2.03879597976559,319.552219828226,403.28223094608,837.527037626495
148,2.92686057222299,323.069494063619,409.464564871543,706.704723889375
149,3.05272655557153,353.92349303099,466.051320091435,758.066374741182
150,2.58536574042101,272.709063664006,325.695970773741,634.718598728456
151,2.69380438968772,120.10178472319,122.092321007089,273.848037897474
152,2.99075247403162,92.1488987609341,91.190525294895,199.408594454682
153,3.68728931621571,48.9430912336516,46.5259002927826,95.3852122682283
154,3.3317338648824,285.115152226067,345.421822845264,584.556225463813
155,4.28272220431754,284.302599712204,344.112462782253,514.119681456201
156,2.754580301783,322.877496636317,409.125725864213,728.037629788616
157,3.02756504018984,324.06414239432,411.222465784868,696.990203447021
158,2.70072208659203,346.124177825101,451.334761041109,788.197242815668
159,3.09567444493385,288.334669074362,350.634204384572,613.285753762435
160,2.55532332813615,156.879832286948,165.412112593323,367.272140227941
161,2.26747033630667,88.9600346088109,87.7691467534401,221.089225420061
162,2.55570363470665,33.8069254417299,31.6997584508817,79.1397228817996
163,1.33407791764825,-23.3494954312094,-20.823621051622,-75.6535060024042
164,2.59211086751401,151.482348624367,158.853892792535,352.110049364157
165,2.65846360193932,107.188259361073,107.609719027696,246.023077896021
166,3.32558488342137,139.428072702791,144.461365571582,286.127586388822
167,2.52306628013147,259.206915100885,304.854860849691,610.694550415712
168,2.50997084279757,175.113436971029,188.106333666432,413.64506845344
169,3.39397636427512,65.4077847360613,63.1251589442897,132.86740366695
170,4.14078978037516,61.6884402564644,59.3313250378794,113.450309457979
171,3.26505340035243,46.0327868947397,43.6435098729977,95.3377857862714
172,3.60364424369466,298.492667050354,367.339658896944,588.442541087853
173,3.0465312176721,295.454045414134,362.300610717283,633.475246116995
174,2.69790754487495,340.430410940808,440.771208293678,775.636112174791
175,2.77062924947096,293.811513868125,359.591714803217,660.576750099425
176,3.25237308371513,322.33355022217,408.166621841082,668.879037587817
177,2.9951852293277,255.798773826947,299.694231562989,553.135072261755
178,3.39617118777071,102.732613306712,102.69590882485,208.620104643325
179,3.19985946475712,78.6668974417313,76.865039083482,164.577493513892
180,2.98916430603383,46.3676259721095,43.9743603890744,100.364895662126
181,3.09161628729381,294.274664741533,360.354494334127,626.330260068543
182,2.59119165476588,317.140968861036,399.07428966082,737.304143244045
183,2.34215994088399,443.382071243249,658.22955536959,1084.20794006065
184,3.35157028632113,343.089237070449,445.6854301323,701.3353170726
185,2.98490047649126,380.713151304406,518.886694266027,824.662877634646
186,2.67313961336478,299.993407699824,369.841747164736,686.665660077197
187,2.96170579299171,113.401316636562,114.532471093524,246.598421478623
188,3.49096879331772,103.698573324378,103.757628389324,207.703830452451
189,3.13253968977426,40.2048793376727,37.9171276714049,85.0106024472673
190,2.6973430112266,291.115400293022,355.16780697681,663.347064611136
191,2.17505936311682,286.563636046454,347.762076168247,727.157008815709
192,2.16485947098182,376.119832789467,509.566299906415,956.652006244884
193,2.74072882368397,312.155993397907,390.452069954858,705.639719674185
194,2.3010106789961,314.102219766498,393.806041553888,774.916482200367
195,2.15502256402595,317.374529132584,399.480810518014,809.074393541784
196,2.58116749350317,134.579149498358,138.768656247863,313.48194316566
197,3.73895207347579,101.452999736903,101.292466705775,196.351796329278
198,2.65638622537366,54.100169449925,51.6712652771241,124.221484142561
199,2.70219536172738,294.891342530488,361.371411910043,671.344524927102
200,2.52796251155841,307.673863577598,382.787180937886,724.184050167609
201,2.71577669325991,368.774264989424,494.890330245061,837.446269506211
202,2.83528439869217,422.650457852188,609.459373291508,939.346966067646
203,2.77305320195099,334.929673486802,430.706703778586,752.692681978905
204,2.57115537662383,251.570975316216,293.347148925974,587.135721479442
205,3.14414860083096,117.655402346001,119.320750451702,248.315520673813
206,2.81551820869739,98.0653643344763,97.5935627756653,218.715075694443
207,11.146932538483,86.1324896591768,84.7526601813294,96.5454588847784
208,2.93632186373652,275.724852554881,330.439353958216,602.16833695746
209,2.74326191961981,282.026792492991,340.458305682685,637.236455131504
210,2.92622632313908,328.261346166434,418.687551843165,718.139999861308
211,2.54319782094872,386.334141071678,530.445793111656,906.601453084888
212,2.5024215895693,332.360407283548,426.052455918504,786.27061937327
213,2.56074907545237,316.053811265644,397.185061602673,739.129594660211
214,2.69325688286801,145.466739178979,151.628027613207,331.717726941803
215,2.86412306263975,111.167978479298,112.034453350244,245.825405830967
216,8.64749385296332,74.1130732493223,72.1077574319794,94.3174097675071
217,2.72736105413497,284.510685226501,344.447539715676,644.721645481072
218,3.51139064887621,260.04721426329,306.133351390684,519.344144068946
219,3.40513240140489,308.128783229785,383.561397950349,624.897492880758
220,3.52932042409641,308.215342642382,383.708806626341,613.975297597069
221,2.50896299275553,331.014892585668,423.626758113195,782.064024553731
222,5.18838593202087,309.459264268945,385.830547093015,508.42863145209
223,2.98135844306573,142.277931339939,147.83281557452,308.37156990413
224,2.50016651183289,110.015909809228,110.750062069065,260.383800273556
225,6.05170582212606,78.3271473835709,76.5087081412407,119.156135320123
226,2.90840699331778,300.169431676267,370.135802652589,658.690491212356
227,2.44223331840644,310.840349113529,388.193652692425,744.36533340241
228,2.98146501813991,327.426262135797,417.196180127754,709.646209780751
229,3.83982671411529,230.954562843349,263.236967479093,441.074628889461
230,2.23035901582549,323.878394684927,410.893859699647,811.594041940828
231,2.36881001189445,288.775157886091,351.350399782943,702.163407794917
232,2.23212772680208,135.954419668097,140.377689404634,340.546153314181
233,2.67433605018459,92.7782134856055,91.8681748409833,212.314857092875
234,5.87669668899165,53.0150003219009,50.5845258497749,81.8416578821176
235,3.23765793592267,295.81564491228,362.898374275969,615.246300536282
236,2.75487668709953,347.777422038948,454.430243221787,784.14009425039
237,2.59009048918441,343.195472000826,445.882457304643,798.045457398284
238,7.37305110663318,249.555684217189,290.342724980413,343.943454017594
239,2.55839041276479,336.225925086556,433.066089242217,786.666894621763
240,3.70035453009979,301.131213462367,371.744664520827,585.840787383961
241,2.80377561108452,114.831314270817,116.13762644543,256.645257275949
242,4.27362820088312,97.5465229449971,97.0291598899454,176.586022508202
243,3.33624320715774,38.7389498564059,36.4862270657848,79.371154788817
244,0.12643896934871,0.335446397589557,0.305345614849437,3.53013290054032
245,3.34168341525759,150.490902168409,157.656968640407,308.084836250681
246,2.69821813509613,108.971987122751,109.588703455105,248.267668613381
247,2.40287990172881,107.900524520976,108.399136720767,260.495998222222
248,2.79755164750962,166.580220671102,177.380344135378,372.715339866531
249,2.7027747761863,134.826277375862,139.057467242209,306.911493074775
250,3.11643521740104,74.0951245127509,72.0890867771711,157.074089967459
251,3.08064695952628,60.629574620863,58.2560094769459,129.273003940888
252,2.73644397126976,43.4851122126152,41.1327666073166,98.3761833576195
253,2.67788890692759,295.504597592943,362.384148426459,675.789594129676
254,2.73282994882214,354.479132478924,467.110830658965,802.466585984294
255,2.59203403124694,349.963674479046,458.54346664232,813.478044669013
256,2.55758726313114,319.219706850924,402.700493629958,746.995925099294
257,2.84698752700806,337.263627830374,434.960327892713,748.032344980772
258,2.76215447745235,196.734960811365,216.147607828678,442.997458372661
259,3.64247073244115,92.1245509979885,91.1643237577208,180.643058504233
260,2.89519948900469,88.5148194878873,87.2931111549722,194.679490134487
261,2.92209846155376,48.5425199122216,46.1282634302656,106.272064106702
262,2.79216663525497,302.115660325738,373.395240029167,676.621078636286
263,2.59951795766898,319.117546715725,402.521856671001,740.707112177423
264,2.88756309272965,384.315078049114,526.274113111661,846.379252441094
265,2.71824973340907,354.662847976317,467.461472541445,805.037650847575
266,2.63082848215064,340.072188952897,440.111598017499,784.638292374353
267,2.75036089868463,312.665681635769,391.328911240216,705.55398843236
268,2.74874847392834,143.197957532018,148.925321568353,323.231735712688
269,2.90200860957757,95.3298890360078,94.6241548873533,209.422967740396
270,2.70138706351661,47.743292361477,45.3357577990931,108.70855639655
271,2.96404249210229,308.018801558536,383.374145658995,669.540670833446
272,2.5474289154718,313.357734757202,392.521202775161,734.739046037084
273,2.97152558149108,290.155765743462,353.59992324749,629.921334003495
274,3.55395992682646,322.390284283753,408.266597980764,639.984743063931
275,3.43000467056607,339.772427942584,439.5600852593,686.568055168482
276,2.55344801846078,298.594118684005,367.508523246202,699.296526501076
277,3.30388289448574,102.575859537793,102.523800871678,211.19207456
278,3.19838311290448,93.1354098008407,92.2531663148653,194.891455522242
279,2.53670665464406,49.188268115242,46.7694244270368,115.576688430641
280,2.88121924689697,296.642113699947,364.266529614072,654.017798880751
281,2.50266338871451,280.461667801698,337.956415180817,663.461371763319
282,2.64143293499281,403.211057122912,566.203506542369,928.448038992081
283,2.71090404279219,341.942445808896,443.561865357336,777.212982691929
284,2.86181127497299,340.320720490414,440.56916799332,752.858241022559
285,2.69302168079131,314.994430561042,395.348860866787,718.333564875615
286,2.07860209876489,166.368168720519,177.116181770137,431.846128130496
287,3.54278291583505,105.846018878829,106.125026564461,210.449498728514
288,4.01051358906566,39.6078140364607,37.3338716064553,74.015851442612
289,2.95666146328114,289.207230105206,352.053626317266,629.437523826774
290,3.0547517820721,273.037900800681,326.211589556722,584.625963975666
291,2.54949490139102,315.323734240147,395.919133639035,739.048633989431
292,2.76608464105761,292.608955499749,357.615046456627,658.416241163796
293,2.80018948485359,320.174601519467,404.372358325483,716.041480629502
294,3.6943977719549,238.591949773977,274.23172465827,464.544981284085
295,2.26249693580661,127.488271939645,130.541485452468,317.190471533845
296,3.17507766244738,100.722645734148,100.492977024036,211.541093644001
297,2.50792233680207,43.6592611591071,41.3040214024634,103.172523504189
298,2.96896914609026,281.482574566488,339.587332099944,611.352879946629
299,3.20698628696001,324.642663981519,412.246880515975,678.423907730346
300,2.8982062496103,254.97621172983,298.454619289526,560.504351596357
301,2.84897966897113,301.561399873451,372.465464100133,668.615860613222
302,2.84142149939836,323.583916250027,410.373202541133,718.395157987496
303,3.00423608778201,275.771910716613,330.513630001859,595.424803101397
304,2.70316787649041,182.223626439429,197.188744978084,414.774542953627
305,5.17803870072657,109.092437272982,109.72258424169,179.414047782296
306,3.86494215941108,58.2135555825493,55.8102971111525,110.814358885999
307,3.12474396485598,305.387719087418,378.909138345948,646.529231727121
308,2.89726643912862,333.006799666117,427.220630476128,732.153996646011
309,3.28573760841802,325.922533743993,414.518342832817,672.888226637033
310,3.15221084556811,295.088867833982,361.697448043283,621.999287586818
311,3.32786544063557,336.291053208693,433.184832257539,689.883470956464
312,1.90485151178172,173.96141109395,186.647272445792,471.699264935172
313,2.36386610363904,192.593736000356,210.678280540523,468.786942165686
314,2.83194144788665,118.194568863154,119.930452390076,262.844796892595
315,2.1398299504909,44.9698404720784,42.5945589665637,115.047074136745
316,2.34432756614387,267.154626785964,317.04490652422,652.976493566137
317,3.23907806277501,259.554440138959,305.38331594762,539.711650734729
318,2.55752887577472,278.017863623831,334.067984614818,650.590631103594
319,3.70636991639677,222.284058697886,250.975396374465,432.092833200032
320,2.70916272034419,312.816588981334,391.588730364947,711.238832354781
321,1.9877252490475,229.324304903519,260.913790941105,608.719060842942
322,2.44621715463979,160.492497527116,169.841834439942,384.016972566393
323,2.31319552303373,104.726467719268,104.889586296062,257.687964584687
324,2.802324060199,40.1688905003749,37.8819533586986,89.7994796108349
325,2.18643835357632,-205.360497471339,-158.470866650192,-519.745485023526
326,2.88241308295902,211.92693858688,236.6271489295,467.14339845102
327,3.41312137341009,118.857889828167,120.681429522808,240.765804449587
328,3.78987621250291,164.894630622553,175.283686067164,316.982727218428
329,2.43400021291479,255.298428501456,298.939931456573,612.394031053679
330,2.62446631677972,140.997254990069,146.315378741121,325.71234661374
331,2.74196931290872,77.8083810860325,75.9650618412843,175.848171287779
332,3.3325429308861,59.0021859639813,56.6074242813416,120.955300739334
333,3.5744471131619,48.4692567605303,46.0555683903576,95.941090859864
334,2.69507350987794,329.138610706804,420.257539244172,750.302884953514
335,2.76402118417191,330.003279481046,421.808289707704,742.831955774543
336,2.28283838494281,361.199068237023,480.043462981259,894.647600010824
337,2.63406259154941,396.334154083256,551.438712855071,913.886897548694
338,3.0220331407652,391.675396398479,541.589346235663,843.182128621797
339,2.27459398910805,269.889904619056,321.291401327421,669.698438910206
340,3.07297939115505,111.499611960773,112.404707566764,238.032510990997
341,2.66509889923961,84.8434719651432,83.3828446091386,194.493385782331
342,3.54592594100354,48.2490415224892,45.8371192268788,95.8887066731553
343,2.9188820168463,309.377433598141,385.690775646819,677.678523291839
344,2.5139642501777,351.124933387716,460.737468903893,828.756082428667
345,2.21251502132964,386.948904445755,531.720393979516,973.539496797221
346,2.58563054088278,359.18610355882,476.146290921222,835.948960608097
347,2.35539009389383,342.860383597298,445.261167314585,836.044155611961
348,2.68822811470613,294.962292297325,361.488504480929,673.251179464073
349,3.16716163641998,101.942641974439,101.829085271381,214.370556080079
350,2.74708472769731,91.709192935283,90.7175279196794,207.072470658692
351,4.71038179410155,55.1341954602293,52.7087999736769,95.0680139509233
352,2.73047222363256,289.365377039571,352.311198491079,655.348611249124
353,3.29392683814463,305.818601667737,379.638440234082,630.595083358582
354,2.3779221822582,382.106774570076,521.736697137977,927.319029504746
355,3.28925496022931,318.531463333012,401.497885513394,657.273990756546
356,3.57772663481622,292.964930815217,358.199588976269,579.637007320009
357,3.00712762888095,253.975431201354,296.949513566352,548.099923917032
358,3.34558357936581,123.370182682926,125.815875052851,252.416698362409
359,3.49355737089493,97.4156453629774,96.8868776818633,195.046112707028
360,2.45976243804113,53.9331385775478,51.5038520202924,128.692217917766
361,2.96830382825393,302.840756351412,374.613440336454,657.813862191335
362,2.793417991103,338.985165444692,438.113598949904,759.025220010185
363,2.19615771904138,394.915716158707,548.426961775598,997.275531781075
364,2.77097144417647,360.791362347992,479.252515221723,811.117109487233
365,2.85318198412983,395.580504093408,549.837079140759,876.422304600084
366,2.68227226547595,313.073057066391,392.030510841981,715.380229735509
367,2.62996752615752,160.38672047039,169.711672704785,370.116384010786
368,2.4651149235773,103.237482461982,103.250582247522,246.072123936105
369,2.41989724564415,38.970899332524,36.7123815727266,93.753006106856
370,2.38564419005323,245.828088502272,284.82104210272,595.623914603013
371,2.57935548852232,330.800278336,423.24059173464,770.822018375011
372,2.42946802809233,346.515120325077,452.065593123275,831.972038169989
373,2.4994201721799,315.40598332264,396.061639377204,746.614030980541
374,2.52350046489682,351.186623002243,460.854200416141,827.329878657535
375,3.04383244718146,279.101314069505,335.789197763913,598.68117519806
376,3.59030471468672,131.360008451658,135.019399167939,259.442256829371
377,4.12919163231975,142.805730316979,148.459317316231,263.000419471332
378,3.01578232793299,43.9565967635542,41.5965407759172,94.7256050164416
379,2.53750261233588,275.132665899751,329.505339979169,646.370475477435
380,2.73339228722878,311.262131378748,388.916902781932,704.559770906371
381,6.05547722103024,345.916630922132,450.947061015653,526.064116360009
382,2.98054544534965,289.627382634694,352.738133578322,627.821898950073
383,2.79944642527992,373.684376370815,504.669464332057,835.820151633769
384,2.92337099666063,378.154150872473,513.68041146666,827.693439420328
385,3.24554298083787,147.597946939407,154.178040551253,306.605960622654
386,3.07692046610687,106.933987246851,107.328166409599,228.13965823813
387,42.3917751932603,283.306194006559,342.510207054215,162.838575098731
388,2.46345610338959,245.010022906094,283.615358933526,584.188764775869
389,2.42463565328059,261.996454947529,309.108426569923,629.67383186512
390,5.48318169883739,289.295752340975,352.197789787255,462.349136262203
391,3.22362919826349,368.757410423665,494.856975050587,768.62145686581
392,3.03984076382184,395.323071578213,549.290728748039,848.534561481186
393,9.79531283940832,389.595795496171,537.231920703956,465.85246060627
394,2.65166006226727,169.587426191536,181.138907468856,389.743448406951
395,2.98031247940225,124.61447512811,127.239712773225,270.134885445126
396,1.75136666981396,52.7096439138238,50.2791166480533,149.054096850753
397,2.34102766319887,245.583799871372,284.460774588023,600.674907711859
398,2.22450947473372,274.800068899007,328.981315430416,689.513271345286
399,2.83285892280146,351.337239392285,461.139278846398,781.18706000597
400,2.55052868153498,356.881529081653,471.708975470751,836.282904735781
401,2.58469608202435,340.395154968941,440.706263846987,792.356395217559
402,2.9181344580548,412.805119807292,587.265058388831,904.349332220079
403,3.02676556862946,152.439040118264,160.011124498785,327.906365201987
404,2.73200963045863,117.066422383345,118.655448847132,265.054320451231
405,3.74104525750813,37.1927233319236,34.9810496378267,71.9623846598726
406,1.67752872691611,-33.6548365905821,-29.7518765600383,-97.2426357006688
407,2.67315467084793,141.651752957534,147.090391009045,324.229571334103
408,3.03604509548986,100.078678777485,99.7889784306877,214.946724835483
409,3.23064244791615,141.216708078173,146.575127702833,294.024773074873
410,2.78583538907397,161.658439291277,171.278413904965,362.463701005069
411,2.817209778657,141.768118796677,147.2282893852,316.091172586797
412,2.78143675683903,67.3433806799541,65.1098746197088,151.113914168069
413,3.96904054160133,57.6276566764153,55.2188338495354,108.251006479964
414,5.83071785288578,67.6996937850714,65.4760067382549,104.922277527614
415,2.79558999178376,337.642265784334,435.652711070216,755.721491166568
416,2.64431427701366,321.508543537362,406.714359623866,739.908025020175
417,2.34087329368018,367.26086489728,491.901069219815,898.314377434139
418,2.88857828317807,371.956580845246,501.214177221281,819.017065085141
419,2.47093936730206,365.229521963762,487.90699492654,869.520481002877
420,2.98936438613482,227.15710323659,257.838219254929,491.678198745816
421,2.81707129450147,99.346542942444,98.989644422896,221.512959500148
422,2.71950615153371,89.2069515102815,88.0333297059271,202.440161669494
423,4.28465737911529,50.7862853621472,48.3593415776356,91.8187030043459
424,2.77601441818238,310.087245759235,386.904086483022,696.494942873266
425,2.45110459206165,286.284372144009,347.310267527406,684.320097271272
426,2.16856780833304,374.110896050496,505.524810447274,950.730663313512
427,2.31420417724848,357.596400139682,473.082638670193,879.701894085016
428,2.88432387985709,366.334285476564,490.076624145427,807.23280759145
429,2.90176543966243,310.040829205128,386.82468178398,681.131808590663
430,3.19160684509674,117.590809192837,119.247749922219,246.327195691012
431,2.77894635215516,93.9178929048957,93.097452110089,210.839256964622
432,4.93191066153559,69.4525204630588,67.2806665066199,117.037517722581
433,3.02031511254022,316.846211187587,398.561579362022,682.285782746499
434,2.64449070572022,313.881179139593,393.42432761769,722.332997789717
435,3.19612782311347,325.609234246653,413.961655840449,681.595595791948
436,3.01565040692515,300.490658681039,370.672741669485,647.564365280441
437,2.79558975614127,354.8424538632,467.804428265083,794.224323711094
438,2.87259380899574,344.203328956895,447.75426404142,760.014263418804
439,2.66884195153557,241.72746174729,278.799395670657,553.743144605074
440,2.63871295239597,114.559645281985,115.832338645595,263.924544411957
441,3.01167780251962,43.5917237098292,41.2375999213143,94.0033150011112
442,2.5458029974236,288.371463311166,350.694000349189,676.370120509425
443,2.40807081492389,324.492674937433,411.981149421115,782.552895342312
444,2.66783746345005,374.005844217006,505.314050855855,856.924535471513
445,2.70771078521688,397.247150182278,553.383305078601,903.450062052831
446,3.04567340498858,350.441069590969,459.444648246069,751.479095825847
447,2.91937904349766,308.66103718721,384.468296804737,676.052924964978
448,2.99195370530626,146.477207126853,152.835707162147,316.909357856054
449,3.16025806708416,118.471891392084,120.244304391881,249.400365137706
450,2.6879228712179,47.6228745739742,45.2164527980409,108.705736526155
451,3.75283336441478,265.486389674203,314.467941155967,512.868124285954
452,4.59794733271496,299.757977698311,369.448642715646,523.158396565368
453,4.9591182278417,316.751351602749,398.396655328714,532.30283614631
454,2.67831486885669,370.949008876477,499.206325445999,848.25526626487
455,2.92017630063072,339.677559751597,439.385628286185,743.886130258746
456,2.56047830294346,364.169138827189,485.830293591744,851.698915743821
457,3.26804412872998,140.69853825545,145.961994090792,291.266269870085
458,3.47249690255219,99.5591572835928,99.2216580191673,199.941978789177
459,4.34755585276518,61.5959825447305,59.2373472493837,110.553629717441
460,2.93541422374028,285.697429231399,346.361635242944,624.042883966013
461,2.3556512701894,282.057271799973,340.507117632337,687.74382728136
462,2.78454867713041,265.549727002445,314.565601406329,595.541951038524
463,3.32156149618522,335.530597081163,431.799542103847,688.976401703239
464,3.09597022413239,363.297214579804,484.126896277768,772.692679503158
465,2.77737508985586,291.370607066007,355.585365503684,654.292714774197
466,3.03063199436458,142.879975595454,148.547499987907,307.148899454729
467,3.49525302041261,100.585690870116,100.34318236699,201.344391508641
468,16.3805580023394,172.195096774718,184.416910814415,159.220579685002
469,2.60584026076476,253.860270145184,296.776535920528,588.522360870492
470,2.19420127916891,250.557087408825,291.83393964913,633.00999809361
471,3.06569256994211,228.61133396201,259.900377781538,488.627916544566
472,2.88417121636483,288.370167050513,350.691893650625,635.45151448386
473,3.33106748341364,315.966922684616,397.034283048311,647.876386387415
474,3.26455054887306,284.049014219848,343.704336739751,588.334996744287
475,3.32961281424574,128.143749728562,131.297191524945,262.810480976253
476,3.05473209712167,112.735486420899,113.786601121303,241.389538354921
477,2.4061406794745,62.7013393217414,60.3619278429312,151.27184239432
478,2.27729454152319,251.755259254931,293.622558033402,624.329084707142
479,2.36213406247605,286.779352567012,348.111275469297,698.295418528273
480,3.73730778050392,459.560216714221,698.335454871781,889.62203429594
481,2.94514778855573,372.161739078835,501.623649909981,811.563600215475
482,2.76361329309169,357.981071814681,473.822837874729,805.869176322742
483,2.55566907246036,356.916791287999,471.776675311108,835.522180509307
484,2.66243620978525,149.971477258077,157.03084427636,343.96361368568
485,3.27715402432412,105.949845320183,106.239735305599,219.026063623958
486,2.14668368676349,34.5167993632834,32.3860644003842,88.1637362844596
487,4.15413891250682,84.9469282701288,83.4926628490012,155.972981116186
488,3.31554351316276,175.535175138875,188.641339078228,360.769315220008
489,2.71973718841173,112.880537274435,113.949006666625,256.15292864247
490,2.66130921674094,135.546883472665,139.900424993462,310.946263470756
491,2.33550590005293,270.349861676625,322.008087433787,662.033764193936
492,3.62176384997788,178.886423791041,192.909232894709,351.77233410078
493,4.42237137460832,84.6777953712329,83.207024522682,150.690504597981
494,3.69896341025986,63.5697096551979,61.2470119610095,123.695379434025
495,2.2839471849147,44.4664014925524,42.0984553406694,110.11139870057
496,2.69504003300625,306.850369391164,381.387831725574,699.498380407902
497,2.3418092487365,302.653568259238,374.298753598375,740.137099050757
498,2.85112497442561,328.689432759509,419.453251337609,728.484913715882
499,2.811244033946,316.830459071091,398.534189925728,707.166464009193
500,2.87598926287086,389.619650165143,537.281767907744,859.785395335175
501,2.6653622448312,327.122218524586,416.653946110996,749.852693286057
502,3.04182925116086,110.32863024546,111.098417834252,236.736534178478
503,4.09862223981517,78.6949047191555,76.8944233301747,145.469080135101
504,3.35320588863622,54.0971617277221,51.6682502163226,110.557411885088
505,3.76642145605079,320.890723953087,405.628712234715,618.778377768863
506,2.45422820110284,309.066194245399,385.159410897173,738.306727207271
507,3.57157079736427,298.485386052368,367.327541367332,591.0676337446
508,3.05423605545161,371.304809574872,499.914754964521,795.100039531694
509,2.73549397171208,324.0596402029,411.214499205428,733.248076777476
510,3.13274979947858,230.45154544337,262.519266555164,487.260728539631
511,3.28766759055177,128.917416198867,132.190412176768,266.080102284071
512,3.20651986659827,107.659470284952,108.131850211886,224.997587641785
513,1.07910889098161,30.8267963739556,28.8281072159638,111.05561217851
514,0.302184138606396,2.08520667704081,1.90099820828573,3.13571713400668
515,0.513093674761031,155.056944334401,163.189217268137,810.095501969548
516,2.15297956830607,408.622885449626,578.016509080709,1042.18550204322
517,2.79221037198344,350.64929302316,459.838051861912,785.311159305545
518,2.92651844487523,320.333834376925,404.651525434531,700.762692568117
519,2.32961814444993,313.132382829699,392.132741519656,767.765920226388
520,2.63624048168593,158.380075759567,167.247721725399,365.049374943235
521,2.80061666117642,135.803963365243,140.20144562429,303.688796481359
522,1.62891582113689,48.5463196866417,46.1320340045584,142.347371706966
523,3.38526058925923,348.386082281069,455.573112800953,708.610359311962
524,2.39458223375681,277.665955695226,333.509853993544,671.506819615906
525,2.49275465733983,235.867327877562,270.288186599976,559.075897949451
526,3.41616907576764,251.847875645211,293.761014483189,509.931935881649
527,3.2366017890754,285.307956490901,345.732873779744,593.490850667667
528,3.42339776005425,217.422942504454,244.201168384139,439.764745559842
529,3.08110489072856,154.221377474373,162.173029170972,328.802579849294
530,24.7349258416246,95.9307761340012,95.2751022599821,72.1846575761408
531,2.01694224602837,43.9898562664883,41.6292713621057,115.917353622366
532,3.02818826002274,283.555453406181,342.910677623552,609.801589250196
533,2.84517846722324,301.204551876342,371.86749489604,668.266620652002
534,2.76492997863414,306.220190119941,380.318833672442,689.18368628526
535,3.02031571062954,332.158796537868,425.688480366236,715.26013762555
536,3.2913256468339,374.498132604612,506.302197365313,772.519089727233
537,2.65376915684137,321.639882100872,406.945360733036,738.895388739508
538,2.94645069242381,151.535301379911,158.917887192282,330.375719602791
539,3.16277400258372,107.640657393113,108.110995265112,226.509661613369
540,2.48187146916433,43.0317366278565,40.6871793397254,102.221704688423
541,2.84196171490792,273.801699979328,327.410732666329,607.814134958189
542,3.26035083948258,332.927712318093,427.07760230514,690.019237342991
543,3.12322158406317,286.405016570934,347.505416743814,606.487188167186
544,2.60408347129813,269.179499291992,320.185955214426,624.248752942282
545,2.868582827674,352.645042643632,463.61916962473,779.196929464052
546,2.86829173554449,333.391503460972,427.916758248415,736.690996094639
547,2.89573996677363,167.102206060787,178.031091903247,367.489852297297
548,3.13092715257995,117.587997947387,119.244572976358,248.696887637099
549,10.8457577439612,122.164087795448,124.439050973589,138.821649678442
550,3.02800262660668,317.988791726862,400.551054012098,683.87797733843
551,2.6624622205357,346.918798945277,452.820985036747,795.663766584981
552,2.71118256706249,324.82772376799,412.574879230265,738.274275830742
553,2.74906428607002,303.056728341578,374.976690159604,684.03198015735
554,3.37364537398432,413.678922370333,589.210724246196,842.863616544921
555,2.27270356966486,247.566361589639,287.390240024065,614.560038982521
556,2.89243450693834,153.17857897943,160.907213314701,337.063361459416
557,3.00289522395373,116.978717629514,118.556444243107,252.62742932247
558,1.58310110884981,46.5961833314235,44.2003109728308,138.592100506486
559,2.69373561777295,279.86667685398,337.007680544114,638.141260539234
560,2.70734748933476,307.482725708197,382.46213865803,699.346331387821
561,2.51160440376784,271.447170419271,323.720914489547,640.993204602701
562,2.93296483872068,241.731566594117,278.805396195091,528.230175485784
563,2.91155918899161,367.425849288047,492.226380976148,805.843397103214
564,2.35479513165183,319.891972206377,403.877117657644,780.134191644525
565,3.10887327392907,163.273796935537,173.274362570391,346.543987715638
566,2.73118055925712,118.169244936992,119.901801188248,267.592536117453
567,1.39847430084724,31.3890010742246,29.3686718469468,99.3329044370567
568,2.12937537212006,-253.505681216204,-188.891537453627,-650.137359998161
569,3.72204449159552,134.264180069913,138.400765435869,260.442621783936
570,3.30981432858795,110.070214646423,110.810539991716,226.418398240793
571,2.64159573242031,137.576804660607,142.28148562451,316.777404327342
572,2.48400242775126,173.545684432138,186.121596430548,412.079302064425
573,3.04622547032454,132.502170018767,136.346920461485,284.108413689846
574,3.47087517975925,73.3165177883267,71.279765271595,147.273715196327
575,3.04081960612724,64.3540076337992,62.047627404251,138.109574101141
576,3.10894485197067,70.6594377703078,68.5266950943678,149.970579387814
577,3.01207935726902,342.958364133188,445.442780115815,739.521861773697
578,2.33680968152915,336.857441732716,434.218290535655,824.662645396226
579,3.09865513303868,303.718299889832,376.090567191278,645.692328397369
580,2.45744871768019,354.958041803126,468.025224735462,847.378157435598
581,2.50807129521658,322.93412794723,409.225652931178,763.11194635133
582,2.88893955628744,205.806494696239,228.296846441168,453.142055830063
583,3.0784365736501,93.7289396256102,92.893459736888,199.918202066671
584,3.22748686748944,101.07273278441,100.876063977106,210.54522370086
585,3.89065719957757,56.4429239628689,54.0247938560356,107.087676390978
586,2.67786168323683,270.620347286431,322.429898782661,618.884494337389
587,2.53227340392706,312.169045695978,390.474511073178,734.138047526763
588,2.4585122225945,386.501113159677,530.79177538003,922.47907983914
589,3.29327355501067,391.362628304205,540.932462414168,807.064058919549
590,2.84584658817704,363.91425059973,485.331949107075,807.30371699928
591,2.93545839705357,298.997947009461,368.181089114667,653.08780789824
592,3.2710891363917,116.886619493802,118.452498386431,241.858813352186
593,4.23076897786707,115.626736760357,117.032407861283,210.374439585585
594,4.75061590772856,45.6939254100521,43.3088899442801,78.4555817093412
595,2.46792938826648,269.818007775985,321.17944266514,642.758643440235
596,2.6466095985704,349.090218500752,456.897434879794,803.03772106492
597,2.12693706685128,397.234106160752,553.355489181574,1019.32225679206
598,2.30804128243262,298.261975367215,366.955827411877,734.713824092691
599,2.71023540827838,333.401572202887,427.934986656178,757.892146555111
600,2.85582403654603,305.973834436364,379.901367036917,677.581136549943
601,3.02515875476976,145.931099927413,152.182713812543,313.992231097746
602,3.53516063127424,96.7302250628635,96.1423100142609,192.531641251437
603,2.89176961947166,56.1857486435758,53.7659412206353,123.64849338775
604,3.38632757026257,288.110327992549,350.269728657368,585.918443692239
605,3.34131078852885,292.680722920813,357.732855553718,599.211358397578
606,2.17290475680911,212.359511040093,237.220040851699,539.130390450277
607,3.34552073974104,373.811334599157,504.923968600032,764.826120139246
608,3.91912454597895,369.367466662194,496.065199277798,698.2465895314
609,2.84111215175187,357.203690775633,472.327718147424,793.076510845082
610,2.81275635566136,152.943286907899,160.621968405227,341.278026227533
611,4.14615231164596,127.885765906284,130.999643553211,235.040814399826
612,2.47181301311165,44.6250530178492,42.2547462755109,106.221770731099
613,3.0564097595469,300.949599030332,371.440580559114,644.216241277198
614,2.86064428606448,327.131328803575,416.670187607064,723.825612958741
615,2.91391706985287,364.240862205134,485.970582104209,798.532492639718
616,2.92245979319707,320.223666386744,404.458367388819,701.007038672743
617,2.69191888083301,353.180316637251,464.636530925576,805.580239701136
618,2.91136160305255,326.20473815388,415.020142859042,715.460497216269
619,3.38644066543668,225.094825816076,254.924997281958,457.758504215252
620,3.10872109632112,127.403970667573,130.444364393513,270.41826503353
621,2.29735412619076,60.9845650918079,58.6162809232343,150.574066269879
622,2.70459076216771,278.827334547434,335.353536352253,634.495610065995
623,2.46684562267583,272.153267313776,324.825361098547,648.463518801231
624,3.65783015031123,330.66211221092,422.992089989732,647.016783986832
625,3.36161409219332,317.509599577662,399.716010603578,648.077648258123
626,2.78004369063601,346.425954663453,451.898842941872,777.548775895905
627,2.71310963894894,425.903983612268,616.927274133214,967.658619219094
628,2.4638768885632,299.806451846206,369.529563546062,714.784985966042
629,2.84735307221881,107.954508795787,108.459012752292,239.422354276801
630,8.73631178791059,114.07519752436,115.288339924747,144.434016418321
631,2.31071415111974,264.843233056986,313.47704912713,652.017604260085
632,3.16123055929466,340.838935827932,441.524160253385,717.401977820403
633,2.55464092579423,345.629892742693,450.411761715256,809.263385187569
634,2.80332883242612,317.46892701564,399.645178820316,709.589902527538
635,3.47429998188228,386.10803972199,529.977531779729,775.206590850961
636,2.21964493913141,289.653860292984,352.781293157431,727.58222700986
637,2.91062362923099,158.667925196673,167.600555350576,348.04890948303
638,2.9414574165413,105.047813266784,105.243923558465,229.21818857458
639,2.08536572630029,57.4430962742306,55.0326525697124,148.863910460237
640,3.2866216335537,311.450868927444,389.240776892422,642.920531382775
641,2.75598201577759,366.596309735178,490.592112671084,826.403258933403
642,2.36995394769491,365.166985491777,487.784364137506,887.698742344532
643,2.79502136197786,259.099790842633,304.692048615993,579.986077433633
644,2.63520129028808,333.186146582448,427.545079605921,768.110289941444
645,3.08822863546217,406.889420514162,574.213840436428,866.495422827894
646,3.13982303493273,126.958426985166,129.931333382448,268.134037679388
647,3.44373330340435,105.347871534393,105.574985673335,212.449586389378
648,2.70187704946517,34.970843804226,32.8254944916571,79.6189396164955
649,2.15690959842596,-99.8749885367658,-83.5981255685667,-254.497631453411
650,2.76789631971279,152.373039309801,159.931217108543,342.748466245998
651,2.66766697038247,121.439842337293,123.613842962589,278.252573223485
652,3.19719982266934,130.004119316461,133.447341030595,272.091756202158
653,2.68959467972378,185.263566220265,201.112944041259,422.755584939249
654,3.33108775981065,131.059279530831,134.670362495386,268.731497386235
655,3.14812591171105,71.9556279485746,69.8680093671889,151.768520013609
656,4.14027537398403,66.4842347544346,64.2280473364555,122.27788643635
657,3.71912917458783,55.7890202758635,53.3668649545118,108.26053327639
658,2.65064073703384,276.49336784808,331.653376295389,635.555237458228
659,2.56224474862411,321.395641932414,406.515844679896,751.40236460896
660,2.13669964720167,383.14133135432,523.859135592441,980.913432634081
661,2.8899391239996,316.964580225277,398.7674301734,697.765242595646
662,4.18887397277201,228.295885709922,259.452503971219,417.43777047716
663,3.33340202060415,271.232594164461,323.38563687539,555.959737167222
664,3.60893562106427,121.836722916546,124.065905595209,240.012185302432
665,2.66433757107636,87.4718408318393,86.1794996356293,200.547837194393
666,3.53880517037419,46.4958693242855,44.1011295105722,92.4974636770564
667,3.44796097108985,295.059206411794,361.648479107067,594.663667577373
668,2.87882641450741,283.529299580456,342.868646919388,625.365267287112
669,3.10868939338945,294.455810965661,360.653056278517,624.991315977764
670,3.13160903521941,339.891616031942,439.779323311759,718.788667974969
671,3.15554879775891,329.996364538566,421.795874979754,695.21025285075
672,2.63373455039439,278.596615080956,334.98687735303,642.439943378692
673,2.96550597765042,112.900633740295,113.971511183819,245.352964774722
674,3.52028047953648,116.384376417332,117.885972914626,232.139444582608
675,3.61614745578836,56.2630051773787,53.8436887841347,110.724177627514
676,2.87201391755793,294.032842394067,359.9561250589,649.301533641925
677,2.94532495203955,335.82946611356,432.34366860378,732.311084253979
678,3.42355125604487,382.610118642563,522.768610567679,773.858464733561
679,2.95731704348534,365.242763536535,487.932963487724,794.833615748301
680,2.70303379022664,319.356195026005,402.939225447408,726.932360085123
681,2.66790417837098,228.46110290884,259.687041126458,523.444870014853
682,2.9569608900955,113.297221047319,114.415798672869,246.57093642671
683,2.79967472140317,102.338544700179,102.263339234153,228.891706223207
684,4.45404680168574,51.6199466298432,49.1906207796114,91.5341690750412
685,2.86096127484782,277.174259034095,332.730774133222,613.253429861339
686,3.02362957786761,311.636461558934,389.559397265474,670.697284904349
687,3.02233180273739,302.060709388944,373.303004871256,650.229809413638
688,3.3795771782688,281.294758288235,339.287003018015,572.629493113939
689,2.77700649954287,313.974411439311,393.585305259417,705.099323396977
690,2.84975985028187,251.868213982115,293.791423029739,558.357140618959
691,3.25518039398066,133.193505950058,137.151907487648,276.27321790919
692,4.20497878505743,128.575057747089,131.794981669872,234.648438747607
693,2.58316524550087,45.6533016306052,43.2687884956271,106.301889577815
694,2.98743490332348,297.884249535861,366.327807319877,644.970484829155
695,2.6403409389749,310.705924329749,387.963301688836,715.585863908535
696,2.93150890302082,313.892453618165,393.44379254705,686.087062697354
697,2.78478232846968,342.227793917185,444.089690661324,767.476882497106
698,2.45481565420171,317.157204936032,399.102541776052,757.545337295558
699,2.45638029342896,256.284595193244,300.42744809865,611.951935072997
700,2.87765097589553,108.609507299663,109.185993422121,239.603389358807
701,2.83053280598285,58.1762575381029,55.7726258473138,129.406048824241
702,3.01498207001558,53.4029683887975,50.9728073140826,115.097724355477
703,3.1678482235812,318.889080598435,402.122521152532,670.501243369467
704,2.52926793026038,320.694247814208,405.283800458194,754.634936791796
705,3.36069635306725,348.170997635082,455.169053191811,710.756561615263
706,2.86734169051138,358.641734362249,475.095797366016,792.616943846703
707,2.9396813082758,378.925443072626,515.245945437574,827.079514168806
708,2.48338519684195,300.301932995095,370.357232491399,713.149236889226
709,2.84028554794997,109.68405721572,110.380623999987,243.559671849981
710,2.73092694973522,104.271819572367,104.388634182833,236.132918014958
711,11.8038251773306,110.746200993774,111.563900137245,120.631703513829
712,2.29066834347828,243.178485289756,280.923923769936,601.294711801327
713,2.76371220677764,318.404285729213,401.27587971267,716.765576652595
714,2.85877927441923,357.402741240772,472.710266604724,791.063593777137
715,3.12512399279001,340.396208727234,440.70820487538,720.60040268479
716,2.54608493589555,325.08209082037,413.025959115758,762.431140913721
717,3.13231121977814,273.712969424925,327.271320348869,578.770346668857
718,3.83105680998914,131.901334446615,135.64820324669,252.193825506935
719,2.89669564718626,125.390963629435,128.130004681318,275.713534253857
720,4.59311535946331,70.2809753344164,68.13566720765,122.723296246148
721,3.22982823296236,282.349372736388,340.97508575493,587.950522974569
722,3.45007114862838,347.391995896092,453.707437286644,699.922870188968
723,3.20361820144206,360.4318761695,478.555794927,753.611220146156
724,3.04106660320496,363.25087699759,484.036477102765,779.53559524379
725,2.54930674328147,356.818804092542,471.588564847713,836.335118428436
726,2.53092049103675,344.572557983283,448.441180476043,810.559767513727
727,2.69867520056085,121.480522480578,123.660163134126,276.742259825659
728,3.61939965754311,102.41977141935,102.352475164129,201.469626102343
