Number of Data Points = 81
         
File	hc(nm)	Pmax(µN)	S(µN/nm)	A(nm^2)	hmax(nm)	heff(nm)	Er(GPa)	H(GPa)	A	hf(nm)	m	X(mm)	Y(mm)	Drift(nm/s)
231122mapping_00008 LC.hys	372.559971	10999.577888	59.823395	3813229.587195	558.985276	510.460593	27.143098	2.884583	0.001724	41.965705	2.548003	-114.656800	-21.731200	0.000000
231122mapping_00008 LC.hys	396.001019	10999.573072	386.728197	4279174.669691	558.985276	417.333004	165.638260	2.570489	0.000000	275.119775	5.000000	-114.651800	-21.731200	0.000000
231122mapping_00008 LC.hys	386.158734	10999.460478	288.531818	4080221.967575	558.985276	414.750365	126.557138	2.695800	0.000001	245.249836	4.446245	-114.646800	-21.731200	0.000000
231122mapping_00008 LC.hys	395.225448	10999.480433	257.404784	4263323.080575	558.985276	427.274621	110.452950	2.580025	0.000065	267.705514	3.734163	-114.641800	-21.731200	0.000000
231122mapping_00008 LC.hys	358.698127	10999.545347	250.140026	3550499.110188	558.985276	391.678290	117.617871	3.098028	0.001455	250.896212	3.201517	-114.636800	-21.731200	0.000000
231122mapping_00008 LC.hys	387.147734	10999.533393	320.661669	4099996.861385	558.985276	412.874694	140.310482	2.682815	0.000009	268.588732	4.206267	-114.631800	-21.731200	0.000000
231122mapping_00008 LC.hys	350.527736	10999.545352	244.071263	3400099.867862	558.985276	384.327942	117.275054	3.235065	0.000334	229.589208	3.433531	-114.626800	-21.731200	0.000000
231122mapping_00008 LC.hys	371.140511	10999.573305	163.792553	3785888.446994	558.985276	421.507147	74.583898	2.905414	0.434243	283.341825	2.057394	-114.621800	-21.731200	0.000000
231122mapping_00008 LC.hys	316.089375	10999.551851	118.327948	2802506.015495	558.985276	385.808017	62.625165	3.924899	19.580450	263.388604	1.316930	-114.616800	-21.731200	0.000000
231122mapping_00008 LC.hys	319.704844	10999.511585	84.078981	2862483.782634	558.985276	417.822514	44.030209	3.842646	0.000047	0.002283	3.193769	-114.656800	-21.736200	0.000000
231122mapping_00008 LC.hys	389.778668	10999.576917	642.346660	4152837.816631	558.985276	402.621707	279.274841	2.648689	65.136212	375.891139	1.560996	-114.651800	-21.736200	0.000000
231122mapping_00008 LC.hys	395.574141	10999.565119	604.406763	4270446.188436	558.985276	409.223349	259.135860	2.575741	0.057779	354.056322	3.031331	-114.646800	-21.736200	0.000000
231122mapping_00008 LC.hys	434.815887	10995.440041	655.743865	5110545.267826	558.985276	447.391804	257.001374	2.151520	0.228629	400.429771	2.800712	-114.641800	-21.736200	0.000000
231122mapping_00008 LC.hys	367.005728	10995.441218	367.326482	3706814.469722	558.985276	389.456004	169.038894	2.966278	0.054133	306.627198	2.767075	-114.636800	-21.736200	0.000000
231122mapping_00008 LC.hys	304.410348	10995.445407	329.890974	2613183.678796	558.985276	329.408255	180.809104	4.207682	0.000091	201.517553	3.837042	-114.631800	-21.736200	0.000000
231122mapping_00008 LC.hys	343.721037	10995.475249	386.677727	3277328.079790	558.985276	365.047857	189.244831	3.355012	0.000004	237.424363	4.488134	-114.626800	-21.736200	0.000000
231122mapping_00008 LC.hys	338.747145	10995.432922	228.565522	3189065.695658	558.985276	374.826842	113.400199	3.447854	0.000818	218.523643	3.249124	-114.621800	-21.736200	0.000000
231122mapping_00008 LC.hys	400.468940	10995.520022	205.024333	4371072.803826	558.985276	440.691678	86.885282	2.515520	0.007850	289.460697	2.819879	-114.616800	-21.736200	0.000000
231122mapping_00008 LC.hys	326.041154	10995.455315	70.055535	2969159.759155	558.985276	443.756213	36.021393	3.703221	0.000361	0.000000	2.827312	-114.656800	-21.741200	0.000000
231122mapping_00008 LC.hys	338.577631	10995.514572	587.403307	3186079.236856	558.985276	352.616768	291.570062	3.451111	0.255632	301.780418	2.715784	-114.651800	-21.741200	0.000000
231122mapping_00008 LC.hys	370.278201	10995.510601	431.911242	3769327.672799	558.985276	389.371552	197.104886	2.917101	0.013118	309.993007	3.118044	-114.646800	-21.741200	0.000000
231122mapping_00008 LC.hys	354.589885	10995.527290	374.969478	3474461.941010	558.985276	376.582730	178.232528	3.164671	0.118737	299.418742	2.631446	-114.641800	-21.741200	0.000000
231122mapping_00008 LC.hys	354.097929	10995.519783	443.078135	3465412.643789	558.985276	372.710086	210.881105	3.172932	0.000000	248.629039	5.000000	-114.636800	-21.741200	0.000000
231122mapping_00008 LC.hys	353.724907	10995.425046	519.752875	3458559.084034	558.985276	369.591234	247.619093	3.179192	0.000008	272.440138	4.592325	-114.631800	-21.741200	0.000000
231122mapping_00008 LC.hys	387.570639	10995.468468	386.752921	4108467.558856	558.985276	408.893299	169.055187	2.676294	0.043255	328.284907	2.835307	-114.626800	-21.741200	0.000000
231122mapping_00008 LC.hys	374.916850	10995.426850	235.607571	3858847.394124	558.985276	409.918145	106.266229	2.849407	0.001037	259.361798	3.226088	-114.621800	-21.741200	0.000000
231122mapping_00008 LC.hys	343.615371	10995.450403	221.655332	3275440.295508	558.985276	380.819926	108.512100	3.356938	0.000309	212.548283	3.392158	-114.616800	-21.741200	0.000000
231122mapping_00008 LC.hys	320.231338	10995.454968	78.576892	2871271.899615	558.985276	425.180655	41.085873	3.829472	0.000114	0.089270	3.037833	-114.656800	-21.746200	0.000000
231122mapping_00008 LC.hys	373.084752	10995.525107	635.805508	3823363.019861	558.985276	386.055140	288.095415	2.875878	7.206337	350.544110	2.053391	-114.651800	-21.746200	0.000000
231122mapping_00008 LC.hys	365.744659	10995.514899	483.086738	3682866.197719	558.985276	382.815375	223.031894	2.985586	0.053599	316.452814	2.915632	-114.646800	-21.746200	0.000000
231122mapping_00008 LC.hys	336.484169	10995.516097	417.761215	3149314.492697	558.985276	356.224243	208.571483	3.491400	0.060087	282.144078	2.814585	-114.641800	-21.746200	0.000000
231122mapping_00008 LC.hys	362.078967	10995.573967	381.908126	3613700.283673	558.985276	383.672329	177.999041	3.042747	0.007814	293.197089	3.142467	-114.636800	-21.746200	0.000000
231122mapping_00008 LC.hys	384.143570	10995.475370	535.463966	4040079.016090	558.985276	399.544432	236.031599	2.721599	0.354392	346.151532	2.600158	-114.631800	-21.746200	0.000000
231122mapping_00008 LC.hys	386.008497	10995.375516	356.571442	4077222.250980	558.985276	409.135789	156.458511	2.696781	0.003459	308.928083	3.249658	-114.626800	-21.746200	0.000000
231122mapping_00008 LC.hys	375.005843	10995.531055	238.833375	3860575.265914	558.985276	409.534720	107.697056	2.848159	0.001806	264.941401	3.140704	-114.621800	-21.746200	0.000000
231122mapping_00008 LC.hys	387.539683	10995.542023	217.301431	4107847.230643	558.985276	425.489993	94.992709	2.676716	0.000034	236.283604	3.739226	-114.616800	-21.746200	0.000000
231122mapping_00008 LC.hys	287.867321	10995.396131	68.726070	2356574.092241	558.985276	407.858863	39.665761	4.665839	0.002434	0.000000	2.549298	-114.656800	-21.751200	0.000000
231122mapping_00008 LC.hys	372.796587	10995.468469	521.722383	3817796.915988	558.985276	388.603080	236.574476	2.880056	0.022905	322.760589	3.124151	-114.651800	-21.751200	0.000000
231122mapping_00008 LC.hys	358.731999	10995.544044	377.373499	3551129.516238	558.985276	380.584774	177.428332	3.096351	0.016841	293.294654	2.995848	-114.646800	-21.751200	0.000000
231122mapping_00008 LC.hys	357.724717	10995.412982	330.649463	3532407.240875	558.985276	382.665208	155.871698	3.112725	0.012036	283.397739	2.985130	-114.641800	-21.751200	0.000000
231122mapping_00008 LC.hys	339.062299	10984.600028	352.269546	3194621.776216	558.985276	362.449078	174.622501	3.438467	0.000000	206.537218	5.000000	-114.636800	-21.751200	0.000000
231122mapping_00008 LC.hys	378.746574	10984.571002	521.060415	3933559.138805	558.985276	394.557463	232.771640	2.792527	0.000008	297.775830	4.590901	-114.631800	-21.751200	0.000000
231122mapping_00008 LC.hys	373.217630	10984.544973	384.641566	3825931.030192	558.985276	394.636035	174.229814	2.871078	0.000006	268.708407	4.409559	-114.626800	-21.751200	0.000000
231122mapping_00008 LC.hys	354.747862	10984.617851	253.369729	3477370.396376	558.985276	387.263441	120.382700	3.158886	0.000333	237.430191	3.456034	-114.621800	-21.751200	0.000000
231122mapping_00008 LC.hys	307.235392	10984.620981	185.124533	2658359.548139	558.985276	351.737683	100.598602	4.132105	0.007306	186.495548	2.784836	-114.616800	-21.751200	0.000000
231122mapping_00008 LC.hys	386.131315	10984.516890	78.885288	4079674.420872	558.985276	490.566349	34.603345	2.692498	0.003497	135.776217	2.547925	-114.656800	-21.756200	0.000000
231122mapping_00008 LC.hys	364.584404	10984.607366	596.400362	3660901.994334	558.985276	378.398037	276.171383	3.000519	38.350802	347.907158	1.655478	-114.651800	-21.756200	0.000000
231122mapping_00008 LC.hys	389.224886	10984.590534	538.877323	4141686.902881	558.985276	404.513047	234.604373	2.652202	0.000001	302.622388	4.998508	-114.646800	-21.756200	0.000000
231122mapping_00008 LC.hys	365.303356	10984.553482	386.281481	3674504.249479	558.985276	386.630848	178.541566	2.989397	0.040664	305.687031	2.846460	-114.641800	-21.756200	0.000000
231122mapping_00008 LC.hys	376.731236	10984.566931	461.035184	3894152.581091	558.985276	394.600643	206.996221	2.820785	0.037181	324.082553	2.959727	-114.636800	-21.756200	0.000000
231122mapping_00008 LC.hys	402.994654	10984.586973	503.239190	4423460.193497	558.985276	419.365478	211.996271	2.483257	0.259722	361.956493	2.630090	-114.631800	-21.756200	0.000000
231122mapping_00008 LC.hys	402.623848	10984.577246	391.262653	4415749.299073	558.985276	423.679865	164.968498	2.487591	0.005130	332.906216	3.233291	-114.626800	-21.756200	0.000000
231122mapping_00008 LC.hys	379.933323	10984.592612	232.393429	3956858.123869	558.985276	415.383742	103.510268	2.776090	0.006462	277.698548	2.912910	-114.621800	-21.756200	0.000000
231122mapping_00008 LC.hys	387.666392	10984.579247	128.868424	4110386.713103	558.985276	451.595430	56.317064	2.672396	0.007943	228.681782	2.615169	-114.616800	-21.756200	0.000000
231122mapping_00008 LC.hys	363.998998	10984.575431	85.656725	3649845.277800	558.985276	460.178622	39.724557	3.009600	0.011687	152.345585	2.400454	-114.656800	-21.761200	0.000000
231122mapping_00008 LC.hys	354.174739	10984.608602	643.517374	3466824.740323	558.985276	366.976967	306.216904	3.168493	82.808740	341.277736	1.505552	-114.651800	-21.761200	0.000000
231122mapping_00008 LC.hys	399.715245	10984.523374	739.141817	4355501.167286	558.985276	410.861134	313.793205	2.521988	0.000516	349.858512	4.104829	-114.646800	-21.761200	0.000000
231122mapping_00008 LC.hys	339.603723	10984.543404	405.097415	3204178.445401	558.985276	359.940579	200.509961	3.428193	0.120741	287.618924	2.667140	-114.641800	-21.761200	0.000000
231122mapping_00008 LC.hys	369.969442	10984.598751	435.583675	3763406.858436	558.985276	388.883027	198.937125	2.918791	0.090413	319.293038	2.759524	-114.636800	-21.761200	0.000000
231122mapping_00008 LC.hys	367.525190	10984.561614	618.260293	3716702.213592	558.985276	380.850357	284.136679	2.955459	0.000004	294.060105	4.884944	-114.631800	-21.761200	0.000000
231122mapping_00008 LC.hys	401.192791	10984.595106	464.559433	4386054.346963	558.985276	418.926682	196.534640	2.504437	0.000001	305.194563	4.809948	-114.626800	-21.761200	0.000000
231122mapping_00008 LC.hys	383.112883	10984.571905	235.267097	4019625.022989	558.985276	418.130228	103.968853	2.732735	0.004045	278.153423	2.998017	-114.621800	-21.761200	0.000000
231122mapping_00008 LC.hys	391.469023	10984.580589	223.291743	4186968.586821	558.985276	428.364410	96.684675	2.623516	0.001582	274.485774	3.128006	-114.616800	-21.761200	0.000000
231122mapping_00008 LC.hys	154.440744	10984.542957	75.647386	781317.942900	558.985276	263.346123	75.825425	14.058992	0.447653	0.000000	1.813589	-114.656800	-21.766200	0.000000
231122mapping_00008 LC.hys	419.751295	10984.524130	556.877543	4779020.283512	558.985276	434.545199	225.696641	2.298489	62.769830	404.581514	1.519056	-114.651800	-21.766200	0.000000
231122mapping_00008 LC.hys	380.987279	10984.538790	621.436691	3977608.524364	558.985276	394.244308	276.070944	2.761594	0.026685	337.629194	3.202930	-114.646800	-21.766200	0.000000
231122mapping_00008 LC.hys	372.140783	10984.560147	499.802692	3805144.958753	558.985276	388.624128	227.011478	2.886765	0.000001	278.735162	5.000000	-114.641800	-21.766200	0.000000
231122mapping_00008 LC.hys	351.732819	10984.568350	359.205071	3422074.953985	558.985276	374.667980	172.041226	3.209915	0.024488	285.945697	2.901297	-114.636800	-21.766200	0.000000
231122mapping_00008 LC.hys	395.271645	10984.548124	500.518369	4264266.440095	558.985276	411.731402	214.749758	2.575953	0.280608	354.408448	2.611959	-114.631800	-21.766200	0.000000
231122mapping_00008 LC.hys	355.097392	10973.556078	399.411398	3483809.841465	558.985276	375.703131	189.595516	3.149872	0.000007	254.285925	4.419298	-114.626800	-21.766200	0.000000
231122mapping_00008 LC.hys	327.123993	10973.586973	246.220825	2987589.020832	558.985276	360.550045	126.211574	3.673058	0.000793	213.674478	3.295533	-114.621800	-21.766200	0.000000
231122mapping_00008 LC.hys	378.977986	10973.543809	243.142380	3938096.887465	558.985276	412.827116	108.555615	2.786509	0.000003	223.213299	4.201300	-114.616800	-21.766200	0.000000
231122mapping_00008 LC.hys	273.592065	10973.535228	78.674180	2146032.378340	558.985276	378.202643	47.582682	5.113406	0.011379	46.990998	2.374604	-114.656800	-21.771200	0.000000
231122mapping_00008 LC.hys	350.609258	10973.562121	571.249312	3401584.182151	558.985276	365.016578	274.422620	3.226015	13.360252	329.036378	1.873017	-114.651800	-21.771200	0.000000
231122mapping_00008 LC.hys	337.758325	10973.533992	561.557383	3171664.982818	558.985276	352.414264	279.373569	3.459865	0.000014	263.286852	4.560988	-114.646800	-21.771200	0.000000
231122mapping_00008 LC.hys	348.437548	10973.557358	414.302798	3362155.179915	558.985276	368.302652	200.190663	3.263846	0.112665	297.000171	2.692000	-114.641800	-21.771200	0.000000
231122mapping_00008 LC.hys	358.556659	10973.500958	419.922555	3547866.865798	558.985276	378.155810	197.524228	3.092986	0.087106	306.350484	2.747772	-114.636800	-21.771200	0.000000
231122mapping_00008 LC.hys	395.742073	10973.558011	571.111377	4273878.858437	558.985276	410.152867	244.762306	2.567588	0.280680	358.616975	2.682151	-114.631800	-21.771200	0.000000
231122mapping_00008 LC.hys	395.404209	10973.559576	446.453831	4266974.055918	558.985276	413.838746	191.492329	2.571743	0.115807	346.849797	2.725412	-114.626800	-21.771200	0.000000
231122mapping_00008 LC.hys	391.460133	10973.573041	255.869603	4186788.713929	558.985276	423.625656	110.793173	2.621000	0.000673	280.198282	3.344280	-114.621800	-21.771200	0.000000
231122mapping_00008 LC.hys	337.710889	10973.551557	187.233291	3170831.447083	558.985276	381.667622	93.160395	3.460780	0.000021	163.286801	3.726064	-114.616800	-21.771200	0.000000
