Number of Data Points = 81
         
File	hc(nm)	Pmax(µN)	S(µN/nm)	A(nm^2)	hmax(nm)	heff(nm)	Er(GPa)	H(GPa)	A	hf(nm)	m	X(mm)	Y(mm)	Drift(nm/s)
231122mapping_00005 LC.hys	312.574302	10999.487663	56.229682	2744814.468703	655.837883	459.287132	30.070729	4.007370	0.006187	0.022433	2.347774	-114.656800	-21.776200	0.000000
231122mapping_00005 LC.hys	398.447577	10999.549925	218.587877	4329374.066818	655.837883	436.188290	93.078279	2.540679	0.000787	273.570792	3.231606	-114.651800	-21.776200	0.000000
231122mapping_00005 LC.hys	387.561553	10999.499347	213.708875	4108285.477377	655.837883	426.163714	93.417250	2.677394	0.052164	296.473293	2.519750	-114.646800	-21.776200	0.000000
231122mapping_00005 LC.hys	371.722956	10999.593536	216.580645	3797095.227222	655.837883	409.813595	98.475621	2.896844	0.004414	260.407137	2.941795	-114.641800	-21.776200	0.000000
231122mapping_00005 LC.hys	356.740058	10999.530715	272.170006	3514154.036772	655.837883	387.050702	128.636642	3.130065	0.000225	243.058993	3.562900	-114.636800	-21.776200	0.000000
231122mapping_00005 LC.hys	381.650802	10999.521529	304.151911	3990700.250585	655.837883	408.774225	134.896544	2.756289	0.000095	272.212137	3.776130	-114.631800	-21.776200	0.000000
231122mapping_00005 LC.hys	378.081875	10999.564816	219.144305	3920539.817943	655.837883	415.726812	98.060044	2.805625	0.065758	290.700335	2.490902	-114.626800	-21.776200	0.000000
231122mapping_00005 LC.hys	396.793583	10999.525266	163.368509	4295404.333878	655.837883	447.290732	69.839504	2.560766	0.155755	297.266726	2.228205	-114.621800	-21.776200	0.000000
231122mapping_00005 LC.hys	321.394752	10999.612402	104.567586	2890740.046624	655.837883	400.288314	54.491328	3.805120	28.828563	271.566850	1.223688	-114.616800	-21.776200	0.000000
231122mapping_00005 LC.hys	242.412258	10999.510430	74.147653	1721237.724561	655.837883	353.671784	50.073945	6.390466	0.009231	0.000000	2.384100	-114.656800	-21.781200	0.000000
231122mapping_00005 LC.hys	378.071664	10999.460991	712.342007	3920340.000041	655.837883	389.652612	318.758311	2.805742	71.920215	365.318812	1.575894	-114.651800	-21.781200	0.000000
231122mapping_00005 LC.hys	388.704576	10999.502712	548.711762	4131223.826857	655.837883	403.739113	239.188192	2.662529	0.000004	307.826767	4.784601	-114.646800	-21.781200	0.000000
231122mapping_00005 LC.hys	412.330779	10995.482839	479.609604	4619848.601282	655.837883	429.525205	197.700983	2.380053	0.042240	361.726240	2.957308	-114.641800	-21.781200	0.000000
231122mapping_00005 LC.hys	367.684111	10995.510899	418.091083	3719729.862958	655.837883	387.408600	192.065797	2.955997	0.016567	307.038105	3.055991	-114.636800	-21.781200	0.000000
231122mapping_00005 LC.hys	403.214678	10995.494184	580.162398	4428038.805565	655.837883	417.429010	244.274817	2.483152	0.199897	365.145412	2.758673	-114.631800	-21.781200	0.000000
231122mapping_00005 LC.hys	365.307013	10995.458656	362.512754	3674573.504528	655.837883	388.055437	167.553942	2.992309	0.000011	258.872854	4.259061	-114.626800	-21.781200	0.000000
231122mapping_00005 LC.hys	385.823349	10995.423162	217.788071	4073527.008495	655.837883	423.688451	95.605663	2.699239	0.004591	275.353280	2.938098	-114.621800	-21.781200	0.000000
231122mapping_00005 LC.hys	396.199392	10995.466771	204.878674	4283233.906654	655.837883	436.450531	87.709309	2.567095	0.001432	270.082899	3.099930	-114.616800	-21.781200	0.000000
231122mapping_00005 LC.hys	292.549038	10995.451883	68.529929	2427820.369571	655.837883	412.884620	38.967885	4.528940	0.002041	0.005408	2.573299	-114.656800	-21.786200	0.000000
231122mapping_00005 LC.hys	379.530889	10995.474882	654.862063	3948949.478224	655.837883	392.123780	291.973793	2.784405	54.616979	365.104148	1.609219	-114.651800	-21.786200	0.000000
231122mapping_00005 LC.hys	403.546412	10995.614006	479.034369	4434946.597502	655.837883	420.761692	201.538167	2.479311	0.223141	360.299019	2.634114	-114.646800	-21.786200	0.000000
231122mapping_00005 LC.hys	431.694915	10995.572798	613.306517	5040939.516019	655.837883	445.141176	242.023014	2.181255	0.061395	390.850643	3.028195	-114.641800	-21.786200	0.000000
231122mapping_00005 LC.hys	416.159920	10995.593679	511.418177	4701644.026149	655.837883	432.285071	208.971046	2.338670	0.000001	324.784065	5.000000	-114.636800	-21.786200	0.000000
231122mapping_00005 LC.hys	370.057005	10995.446039	542.387988	3765085.498165	655.837883	385.261221	247.660913	2.920371	0.266517	331.253257	2.664128	-114.631800	-21.786200	0.000000
231122mapping_00005 LC.hys	367.625413	10995.474401	390.654876	3718611.444752	655.837883	388.735109	179.488933	2.956876	0.113507	313.859384	2.660237	-114.626800	-21.786200	0.000000
231122mapping_00005 LC.hys	360.824776	10995.559105	235.089515	3590188.485085	655.837883	395.903624	109.928288	3.062669	0.001660	248.736837	3.146486	-114.621800	-21.786200	0.000000
231122mapping_00005 LC.hys	390.850318	10995.525631	212.985047	4174459.590126	655.837883	429.569675	92.359976	2.634000	0.000019	232.312520	3.820902	-114.616800	-21.786200	0.000000
231122mapping_00005 LC.hys	272.269576	10995.492705	88.373248	2127037.905702	655.837883	365.585367	53.686863	5.169392	0.001757	30.671214	2.691780	-114.656800	-21.791200	0.000000
231122mapping_00005 LC.hys	364.053522	10995.468379	700.084404	3650874.364895	655.837883	375.832960	324.628606	3.011736	0.056377	326.707598	3.127825	-114.651800	-21.791200	0.000000
231122mapping_00005 LC.hys	388.605346	10995.511143	537.850670	4129229.895251	655.837883	403.937917	234.510348	2.662848	0.324831	350.376540	2.619980	-114.646800	-21.791200	0.000000
231122mapping_00005 LC.hys	350.483560	10995.485749	444.370882	3399295.661735	655.837883	369.041513	213.543301	3.234636	0.000000	246.034711	4.971189	-114.641800	-21.791200	0.000000
231122mapping_00005 LC.hys	361.242043	10995.545176	431.667727	3598002.158517	655.837883	380.346225	201.629326	3.056014	0.000001	259.536534	4.742798	-114.636800	-21.791200	0.000000
231122mapping_00005 LC.hys	376.812338	10995.434740	563.745999	3895734.514558	655.837883	391.440515	253.060070	2.822429	0.330262	339.918619	2.641575	-114.631800	-21.791200	0.000000
231122mapping_00005 LC.hys	371.457257	10995.425215	498.993373	3791980.863473	655.837883	387.983667	227.036947	2.899652	0.000001	277.814046	4.999708	-114.626800	-21.791200	0.000000
231122mapping_00005 LC.hys	389.448584	10995.509791	360.822753	4146189.428510	655.837883	412.303662	157.001635	2.651955	0.048401	327.631132	2.778568	-114.621800	-21.791200	0.000000
231122mapping_00005 LC.hys	400.918541	10995.458682	254.241902	4380375.153859	655.837883	433.354556	107.628256	2.510164	0.000016	262.350897	3.954023	-114.616800	-21.791200	0.000000
231122mapping_00005 LC.hys	358.830220	10995.498145	71.929088	3552957.828956	655.837883	473.479575	33.809937	3.094745	0.000057	0.048311	3.097038	-114.656800	-21.796200	0.000000
231122mapping_00005 LC.hys	397.214620	10995.470463	637.438101	4304038.745913	655.837883	410.151724	272.229234	2.554687	21.129938	378.828682	1.815884	-114.651800	-21.796200	0.000000
231122mapping_00005 LC.hys	408.212387	10995.585077	572.181101	4532684.823229	655.837883	422.625112	238.117095	2.425844	0.256307	370.722972	2.700850	-114.646800	-21.796200	0.000000
231122mapping_00005 LC.hys	385.252458	10995.539115	470.648208	4062143.669068	655.837883	402.774366	206.896716	2.706832	0.000001	285.961649	5.000000	-114.641800	-21.796200	0.000000
231122mapping_00005 LC.hys	381.541024	10984.551856	478.348842	3988532.756831	655.837883	398.763630	212.213483	2.754033	0.036185	330.198960	2.985814	-114.636800	-21.796200	0.000000
231122mapping_00005 LC.hys	359.616345	10984.538009	530.102249	3567608.206375	655.837883	375.157504	248.659982	3.078964	0.378646	321.655669	2.581942	-114.631800	-21.796200	0.000000
231122mapping_00005 LC.hys	368.027250	10984.514515	442.448362	3726271.388784	655.837883	386.647244	203.076738	2.947857	0.000002	270.319596	4.685594	-114.626800	-21.796200	0.000000
231122mapping_00005 LC.hys	370.180989	10984.560266	272.026407	3767463.007600	655.837883	400.466358	124.171348	2.915639	0.000032	243.528268	3.886483	-114.621800	-21.796200	0.000000
231122mapping_00005 LC.hys	362.845832	10984.568151	229.215327	3628114.791884	655.837883	398.787696	106.619827	3.027624	0.000016	212.433493	3.888659	-114.616800	-21.796200	0.000000
231122mapping_00005 LC.hys	376.961411	10984.553705	81.811474	3898643.088792	655.837883	477.661409	36.710670	2.817533	0.003870	135.730853	2.546653	-114.656800	-21.801200	0.000000
231122mapping_00005 LC.hys	322.542973	10984.554398	474.558147	2910019.679116	655.837883	339.903155	246.476943	3.774735	12.968125	298.099852	1.805999	-114.651800	-21.801200	0.000000
231122mapping_00005 LC.hys	289.593963	10984.552346	455.546064	2382723.783246	655.837883	307.678664	261.475063	4.610082	0.000009	199.827384	4.472756	-114.646800	-21.801200	0.000000
231122mapping_00005 LC.hys	272.716361	10984.552559	302.826708	2133445.241082	655.837883	299.921406	183.691159	5.148739	0.035611	200.286444	2.746778	-114.641800	-21.801200	0.000000
231122mapping_00005 LC.hys	384.511670	10984.575371	474.793245	4047396.704280	655.837883	401.863289	209.098767	2.713985	0.000001	286.185828	5.000000	-114.636800	-21.801200	0.000000
231122mapping_00005 LC.hys	369.469662	10984.550549	584.198730	3753833.028699	655.837883	383.571735	267.151712	2.926222	0.000002	291.017335	4.922383	-114.631800	-21.801200	0.000000
231122mapping_00005 LC.hys	394.405636	10984.545716	548.784048	4246599.660217	655.837883	409.417751	235.947645	2.586669	0.169347	354.142955	2.761509	-114.626800	-21.801200	0.000000
231122mapping_00005 LC.hys	353.380857	10984.593579	258.481863	3452243.930261	655.837883	385.253288	123.257730	3.181871	0.000154	232.473431	3.595110	-114.621800	-21.801200	0.000000
231122mapping_00005 LC.hys	347.288751	10984.610418	198.707871	3341392.394215	655.837883	388.748899	96.313277	3.287435	0.000529	209.291235	3.246328	-114.616800	-21.801200	0.000000
231122mapping_00005 LC.hys	290.742321	10984.576294	81.397074	2400197.189614	655.837883	391.955200	46.550051	4.576531	0.002211	37.517830	2.626425	-114.656800	-21.806200	0.000000
231122mapping_00005 LC.hys	369.075770	10984.553474	603.675136	3746296.307175	655.837883	382.722871	276.335738	2.932110	72.139718	355.151705	1.515221	-114.651800	-21.806200	0.000000
231122mapping_00005 LC.hys	414.913906	10984.575972	653.792019	4674947.857332	655.837883	427.514904	267.908231	2.349668	0.000601	360.661963	3.979027	-114.646800	-21.806200	0.000000
231122mapping_00005 LC.hys	376.595737	10984.566445	389.591755	3891510.339254	655.837883	397.742039	174.978823	2.822700	0.007164	308.361158	3.170089	-114.641800	-21.806200	0.000000
231122mapping_00005 LC.hys	343.283894	10984.582309	432.787058	3269521.811940	655.837883	362.319669	212.064012	3.359691	0.000001	237.409895	4.921383	-114.636800	-21.806200	0.000000
231122mapping_00005 LC.hys	357.675073	10984.562564	595.302895	3531485.810703	655.837883	371.514115	280.668769	3.110465	0.000006	283.308923	4.780236	-114.631800	-21.806200	0.000000
231122mapping_00005 LC.hys	376.827053	10984.582873	389.190406	3896021.560279	655.837883	397.995193	174.697335	2.819436	0.071976	320.546052	2.744070	-114.626800	-21.806200	0.000000
231122mapping_00005 LC.hys	368.226740	10984.599206	274.853026	3730077.116668	655.837883	398.200758	126.088781	2.944872	0.000070	247.784705	3.763661	-114.621800	-21.806200	0.000000
231122mapping_00005 LC.hys	347.592741	10984.620507	204.667145	3346880.196775	655.837883	387.845735	99.120361	3.282048	0.018979	244.434679	2.672057	-114.616800	-21.806200	0.000000
231122mapping_00005 LC.hys	118.247843	10984.549106	77.737719	504534.081279	655.837883	224.224863	96.966421	21.771669	2.044662	0.000000	1.586841	-114.656800	-21.811200	0.000000
231122mapping_00005 LC.hys	392.263588	10984.584693	552.244013	4203060.931641	655.837883	407.181700	238.661850	2.613473	39.765420	374.978582	1.618994	-114.651800	-21.811200	0.000000
231122mapping_00005 LC.hys	430.677354	10984.553889	627.948142	5018349.524180	655.837883	443.796933	248.358001	2.188878	0.013090	385.185212	3.350625	-114.646800	-21.811200	0.000000
231122mapping_00005 LC.hys	358.930517	10984.543812	354.347623	3554825.275062	655.837883	382.180025	166.515713	3.090038	0.000010	249.945535	4.265719	-114.641800	-21.811200	0.000000
231122mapping_00005 LC.hys	368.752541	10984.600778	367.693698	3740117.376243	655.837883	391.158284	168.452864	2.936967	0.053630	308.417449	2.769630	-114.636800	-21.811200	0.000000
231122mapping_00005 LC.hys	343.481004	10984.579528	499.718412	3273040.518581	655.837883	359.967158	244.728466	3.356078	0.000012	261.195857	4.493375	-114.631800	-21.811200	0.000000
231122mapping_00005 LC.hys	346.204573	10973.578569	385.962624	3321857.465823	655.837883	367.528357	187.624515	3.303447	0.013540	280.841268	3.048958	-114.626800	-21.811200	0.000000
231122mapping_00005 LC.hys	354.125429	10973.565336	257.320632	3465918.188057	655.837883	386.109549	122.461700	3.166135	0.000358	238.854352	3.453007	-114.621800	-21.811200	0.000000
231122mapping_00005 LC.hys	370.587080	10973.599281	230.827423	3775255.508929	655.837883	406.242287	105.256532	2.906717	0.000126	236.860345	3.562915	-114.616800	-21.811200	0.000000
231122mapping_00005 LC.hys	404.767387	10973.490551	102.426265	4460418.210171	655.837883	485.119022	42.969309	2.460193	0.021082	230.553792	2.376105	-114.656800	-21.816200	0.000000
231122mapping_00005 LC.hys	421.889689	10973.559973	614.977021	4825395.383197	655.837883	435.272579	248.043165	2.274127	8.030890	399.310758	2.015362	-114.651800	-21.816200	0.000000
231122mapping_00005 LC.hys	414.099947	10973.535865	629.850494	4657550.108156	655.837883	427.166782	258.579169	2.356075	0.000062	350.847328	4.380525	-114.646800	-21.816200	0.000000
231122mapping_00005 LC.hys	320.505382	10973.553755	444.033381	2875851.608828	655.837883	339.040396	231.988904	3.815758	0.019801	263.471212	3.057828	-114.641800	-21.816200	0.000000
231122mapping_00005 LC.hys	364.117206	10973.532391	399.775718	3652076.537447	655.837883	384.704123	185.345184	3.004738	0.000000	247.458013	5.000000	-114.636800	-21.816200	0.000000
231122mapping_00005 LC.hys	379.929694	10973.543862	591.544556	3956786.770458	655.837883	393.842692	263.482009	2.773347	0.000002	301.097240	4.999576	-114.631800	-21.816200	0.000000
231122mapping_00005 LC.hys	395.029732	10973.561442	521.369526	4259327.635540	655.837883	410.815410	223.825698	2.576360	0.000001	305.577561	5.000000	-114.626800	-21.816200	0.000000
231122mapping_00005 LC.hys	392.641296	10973.537284	288.209143	4210721.632322	655.837883	421.197479	124.441236	2.606094	0.000021	268.959298	3.998386	-114.621800	-21.816200	0.000000
231122mapping_00005 LC.hys	357.406548	10973.573337	212.040436	3526503.904174	655.837883	396.220749	100.041762	3.111743	0.000211	218.679126	3.430606	-114.616800	-21.816200	0.000000
