Number of Data Points = 81
         
File	hc(nm)	Pmax(µN)	S(µN/nm)	A(nm^2)	hmax(nm)	heff(nm)	Er(GPa)	H(GPa)	A	hf(nm)	m	X(mm)	Y(mm)	Drift(nm/s)
231122mapping_00000 LC.hys	216.240544	10999.582889	53.478702	1401774.634895	216.320246	370.501714	40.019954	7.846898	0.259490	0.000000	1.801337	-114.746800	-21.821200	0.000000
231122mapping_00000 LC.hys	366.574645	10999.508881	209.559242	3698619.149940	216.320246	405.941230	96.543233	2.973950	0.000000	143.497331	5.000000	-114.741800	-21.821200	0.000000
231122mapping_00000 LC.hys	418.782748	10999.503028	274.377038	4758090.030522	216.320246	448.849504	111.446456	2.311748	0.000000	253.461391	4.873858	-114.736800	-21.821200	0.000000
231122mapping_00000 LC.hys	361.147538	10999.519465	224.494584	3596231.721360	216.320246	397.895149	104.885841	3.058624	0.002192	247.171606	3.076191	-114.731800	-21.821200	0.000000
231122mapping_00000 LC.hys	363.424002	10999.538473	270.390954	3639001.709883	216.320246	393.934098	125.584447	3.022680	0.005651	271.413899	3.011795	-114.726800	-21.821200	0.000000
231122mapping_00000 LC.hys	388.249693	10999.545494	309.273601	4122087.414477	216.320246	414.924000	134.964354	2.668441	0.007117	306.717758	3.042429	-114.721800	-21.821200	0.000000
231122mapping_00000 LC.hys	360.600447	10999.523467	235.779483	3585991.288462	216.320246	395.589253	110.315420	3.067359	0.000393	237.583050	3.386930	-114.716800	-21.821200	0.000000
231122mapping_00000 LC.hys	363.770080	10999.542802	125.191618	3645526.261206	216.320246	429.666322	58.093824	3.017272	1.712543	276.553325	1.742660	-114.711800	-21.821200	0.000000
231122mapping_00000 LC.hys	321.830250	10999.505080	82.764383	2898044.750470	216.320246	421.506325	43.075048	3.795492	39.720560	272.204132	1.123405	-114.706800	-21.821200	0.000000
231122mapping_00000 LC.hys	346.052052	10999.539925	76.303916	3319113.989143	216.320246	454.167800	37.108258	3.313999	0.000147	23.338451	2.988667	-114.746800	-21.826200	0.000000
231122mapping_00000 LC.hys	336.998309	10999.623781	534.792624	3158323.550401	216.320246	352.424322	266.619511	3.482741	41.861511	319.601275	1.595829	-114.741800	-21.826200	0.000000
231122mapping_00000 LC.hys	385.782550	10999.592239	644.142672	4072712.951564	216.320246	398.589797	282.797130	2.700802	0.000251	328.005473	4.133460	-114.736800	-21.826200	0.000000
231122mapping_00000 LC.hys	350.868259	10995.441255	356.413566	3406302.115142	216.320246	374.005933	171.099000	3.227970	0.072296	290.757238	2.698479	-114.731800	-21.826200	0.000000
231122mapping_00000 LC.hys	354.871138	10995.472473	356.332050	3479640.841184	216.320246	378.014171	169.247595	3.159945	0.014626	285.742227	2.990272	-114.726800	-21.826200	0.000000
231122mapping_00000 LC.hys	320.120817	10995.487963	455.029086	2869425.967501	216.320246	338.244089	237.999735	3.831947	0.026892	265.427891	3.013371	-114.721800	-21.826200	0.000000
231122mapping_00000 LC.hys	329.393619	10995.477226	291.312170	3026405.151793	216.320246	357.702110	148.364475	3.633181	0.005739	242.643836	3.048333	-114.716800	-21.826200	0.000000
231122mapping_00000 LC.hys	365.106433	10995.513279	187.866279	3670776.014967	216.320246	409.002736	86.876981	2.995419	0.000005	177.467083	3.955954	-114.711800	-21.826200	0.000000
231122mapping_00000 LC.hys	318.703195	10995.393770	116.662338	2845802.380011	216.320246	389.390492	61.272152	3.863724	0.000008	49.016975	3.611400	-114.706800	-21.826200	0.000000
231122mapping_00000 LC.hys	358.327164	10995.482896	75.797577	3543598.829229	216.320246	467.124997	35.675320	3.102914	0.000028	0.045698	3.219820	-114.746800	-21.831200	0.000000
231122mapping_00000 LC.hys	399.453684	10995.455057	585.584616	4350103.779308	216.320246	413.536348	248.756638	2.527631	74.216591	385.409497	1.497951	-114.741800	-21.831200	0.000000
231122mapping_00000 LC.hys	356.393419	10995.525029	431.632014	3507739.602355	216.320246	375.499147	204.190157	3.134647	0.003598	289.990081	3.356679	-114.736800	-21.831200	0.000000
231122mapping_00000 LC.hys	359.524745	10995.418268	369.047476	3565899.559693	216.320246	381.870281	173.153994	3.083491	0.000000	232.900040	5.000000	-114.731800	-21.831200	0.000000
231122mapping_00000 LC.hys	375.869325	10995.520986	354.184892	3877360.778368	216.320246	399.152760	159.366397	2.835826	0.000000	243.929863	5.000000	-114.726800	-21.831200	0.000000
231122mapping_00000 LC.hys	368.525315	10995.500327	491.387208	3735776.784048	216.320246	385.307651	225.251772	2.943297	0.045621	319.156260	2.956295	-114.721800	-21.831200	0.000000
231122mapping_00000 LC.hys	341.711400	10995.465445	303.401936	3241519.264364	216.320246	368.891843	149.306554	3.392072	0.000090	231.748122	3.784257	-114.716800	-21.831200	0.000000
231122mapping_00000 LC.hys	369.414061	10995.524930	199.618067	3752768.680382	216.320246	410.726171	91.297477	2.929977	0.001037	237.801092	3.139365	-114.711800	-21.831200	0.000000
231122mapping_00000 LC.hys	334.244224	10995.524349	156.238933	3110217.630592	216.320246	387.026479	78.492598	3.535291	0.000010	123.916832	3.738609	-114.706800	-21.831200	0.000000
231122mapping_00000 LC.hys	359.844838	10995.476087	69.823008	3571872.207494	216.320246	477.952140	32.732971	3.078351	0.010547	108.794176	2.344211	-114.746800	-21.836200	0.000000
231122mapping_00000 LC.hys	390.897216	10995.484045	623.665049	4175407.115282	216.320246	404.120040	270.418763	2.633392	43.828685	375.175991	1.641710	-114.741800	-21.836200	0.000000
231122mapping_00000 LC.hys	388.431312	10995.480717	628.669786	4125734.044005	216.320246	401.548868	274.224847	2.665097	0.000383	330.988514	4.034309	-114.736800	-21.836200	0.000000
231122mapping_00000 LC.hys	364.636246	10995.533494	316.754551	3661881.969672	216.320246	390.671074	146.657920	3.002700	0.014830	289.125292	2.925287	-114.731800	-21.836200	0.000000
231122mapping_00000 LC.hys	386.774385	10995.496190	434.196643	4092526.125899	216.320246	405.767213	190.162798	2.686726	0.000000	279.148360	5.000000	-114.726800	-21.836200	0.000000
231122mapping_00000 LC.hys	375.874882	10995.538903	605.142055	3877468.920238	216.320246	389.502516	272.281417	2.835752	0.027583	331.737096	3.179133	-114.721800	-21.836200	0.000000
231122mapping_00000 LC.hys	370.483865	10995.548973	380.002887	3773274.128781	216.320246	392.185441	173.325533	2.914060	0.006349	300.249992	3.177262	-114.716800	-21.836200	0.000000
231122mapping_00000 LC.hys	357.694452	10995.463543	230.293651	3531845.487259	216.320246	393.503506	108.571527	3.113235	0.000052	216.647997	3.704137	-114.711800	-21.836200	0.000000
231122mapping_00000 LC.hys	360.508335	10995.525131	164.324805	3584268.588863	216.320246	410.693356	76.902008	3.067718	0.000004	149.843861	3.898317	-114.706800	-21.836200	0.000000
231122mapping_00000 LC.hys	395.838197	10995.579766	77.538328	4275844.345340	216.320246	502.194434	33.223113	2.571558	0.008530	160.246058	2.411342	-114.746800	-21.841200	0.000000
231122mapping_00000 LC.hys	382.723021	10995.435500	575.402709	4011901.905827	216.320246	397.054855	254.525663	2.740704	116.414403	370.539560	1.387573	-114.741800	-21.841200	0.000000
231122mapping_00000 LC.hys	399.728548	10995.460447	544.640411	4355775.766889	216.320246	414.869906	231.212832	2.524340	0.033411	352.754058	3.076797	-114.736800	-21.841200	0.000000
231122mapping_00000 LC.hys	389.307092	10995.512398	462.680821	4143341.238193	216.320246	407.130685	201.391425	2.653779	0.000000	288.306736	5.000000	-114.731800	-21.841200	0.000000
231122mapping_00000 LC.hys	378.087922	10984.550863	463.093410	3920658.160075	216.320246	395.877881	207.216312	2.801711	0.000000	277.278149	5.000000	-114.726800	-21.841200	0.000000
231122mapping_00000 LC.hys	377.268305	10984.560802	564.072071	3904634.394555	216.320246	391.873567	252.917708	2.813211	0.022056	329.955263	3.179589	-114.721800	-21.841200	0.000000
231122mapping_00000 LC.hys	382.723344	10984.564161	389.236622	4011908.315866	216.320246	403.888935	172.176162	2.737990	0.020331	319.829747	2.978627	-114.716800	-21.841200	0.000000
231122mapping_00000 LC.hys	372.235982	10984.545100	231.688410	3806980.236196	216.320246	407.794121	105.208015	2.885370	0.000013	221.672509	3.925717	-114.711800	-21.841200	0.000000
231122mapping_00000 LC.hys	374.846628	10984.542219	175.542541	3857484.269151	216.320246	421.777740	79.189049	2.847592	0.049832	268.740871	2.445662	-114.706800	-21.841200	0.000000
231122mapping_00000 LC.hys	322.763301	10984.564675	78.941180	2913726.652724	216.320246	427.124846	40.974536	3.769937	0.000093	0.002852	3.069536	-114.746800	-21.846200	0.000000
231122mapping_00000 LC.hys	376.505238	10984.571358	526.643100	3889746.108001	216.320246	392.148523	236.586849	2.823982	107.293245	363.402452	1.378199	-114.741800	-21.846200	0.000000
231122mapping_00000 LC.hys	380.578161	10984.585576	492.184439	3969547.235798	216.320246	397.316682	218.873015	2.767214	0.024261	328.603896	3.078802	-114.736800	-21.846200	0.000000
231122mapping_00000 LC.hys	357.485343	10984.546513	416.581570	3527965.408401	216.320246	377.261566	196.504600	3.113564	0.097549	305.491580	2.721829	-114.731800	-21.846200	0.000000
231122mapping_00000 LC.hys	364.778270	10984.547519	443.622093	3664567.338819	216.320246	383.349056	205.322546	2.997502	0.043352	311.316273	2.909117	-114.726800	-21.846200	0.000000
231122mapping_00000 LC.hys	374.708447	10984.596445	638.911776	3854802.621940	216.320246	387.602946	288.319920	2.849587	0.003578	325.421703	3.616731	-114.721800	-21.846200	0.000000
231122mapping_00000 LC.hys	369.808550	10984.565898	426.763204	3760323.443419	216.320246	389.112989	194.988588	2.921176	0.129927	320.139869	2.679686	-114.716800	-21.846200	0.000000
231122mapping_00000 LC.hys	401.707729	10984.555482	256.352935	4396727.806893	216.320246	433.844738	108.319920	2.498348	0.000010	260.955842	4.034808	-114.711800	-21.846200	0.000000
231122mapping_00000 LC.hys	392.220471	10984.577206	178.530013	4202186.881417	216.320246	438.366398	77.162872	2.614014	0.000010	203.374369	3.819276	-114.706800	-21.846200	0.000000
231122mapping_00000 LC.hys	329.455066	10984.583605	73.160261	3027459.580704	216.320246	442.063162	37.253827	3.628317	0.000180	0.202009	2.942913	-114.746800	-21.851200	0.000000
231122mapping_00000 LC.hys	462.262576	10984.565772	580.405874	5743445.112834	216.320246	476.456823	214.575627	1.912540	67.970395	447.780387	1.515214	-114.741800	-21.851200	0.000000
231122mapping_00000 LC.hys	354.729882	10984.557868	523.931299	3477039.313282	216.320246	370.454116	248.945552	3.159170	0.016248	303.506226	3.193219	-114.736800	-21.851200	0.000000
231122mapping_00000 LC.hys	361.281619	10984.576800	377.811816	3598743.700045	216.320246	383.087269	176.455381	3.052337	0.005674	290.204765	3.194671	-114.731800	-21.851200	0.000000
231122mapping_00000 LC.hys	337.746231	10984.560706	416.479387	3171452.460024	216.320246	357.527332	207.204526	3.463574	0.000002	234.765526	4.654511	-114.726800	-21.851200	0.000000
231122mapping_00000 LC.hys	365.145763	10984.532663	559.350200	3671520.461213	216.320246	379.874281	258.639975	2.991821	0.071566	322.072078	2.943382	-114.721800	-21.851200	0.000000
231122mapping_00000 LC.hys	340.864348	10984.545888	406.938294	3226485.965296	216.320246	361.109210	200.723628	3.404492	0.024507	280.978935	2.968541	-114.716800	-21.851200	0.000000
231122mapping_00000 LC.hys	324.217733	10984.584780	208.341267	2938257.468910	216.320246	363.760733	107.687478	3.738469	0.004691	210.162480	2.913251	-114.711800	-21.851200	0.000000
231122mapping_00000 LC.hys	294.170476	10984.605182	134.299688	2452748.398863	216.320246	355.514282	75.977208	4.478488	0.028364	156.667432	2.431136	-114.706800	-21.851200	0.000000
231122mapping_00000 LC.hys	292.172927	10984.548826	68.633849	2422056.622971	216.320246	412.207164	39.073385	4.535216	0.002021	0.005582	2.575525	-114.746800	-21.856200	0.000000
231122mapping_00000 LC.hys	374.691082	10984.581143	609.161466	3854465.708810	216.320246	388.215306	274.906595	2.849832	79.194387	361.226044	1.496718	-114.741800	-21.856200	0.000000
231122mapping_00000 LC.hys	395.840926	10984.525092	612.451473	4275900.136115	216.320246	409.292430	262.417465	2.568939	0.000834	339.937144	3.866963	-114.736800	-21.856200	0.000000
231122mapping_00000 LC.hys	381.359028	10984.513883	431.177069	3984940.683084	216.320246	400.465762	191.372510	2.756506	0.032308	325.340938	2.948888	-114.731800	-21.856200	0.000000
231122mapping_00000 LC.hys	366.295704	10984.579201	443.124575	3693321.095990	216.320246	384.887393	204.292363	2.974174	0.000001	266.101373	4.791900	-114.726800	-21.856200	0.000000
231122mapping_00000 LC.hys	366.222718	10984.559177	546.831909	3691935.492760	216.320246	381.288444	252.151540	2.975285	0.068692	322.264276	2.938333	-114.721800	-21.856200	0.000000
231122mapping_00000 LC.hys	391.510285	10973.582013	394.890674	4187803.512922	216.320246	412.351969	170.969467	2.620367	0.089425	337.012122	2.711148	-114.716800	-21.856200	0.000000
231122mapping_00000 LC.hys	382.700002	10973.566590	290.983929	4011446.140449	216.320246	410.983952	128.722169	2.735564	0.000002	245.586284	4.385818	-114.711800	-21.856200	0.000000
231122mapping_00000 LC.hys	384.905801	10973.616803	211.285657	4055239.331714	216.320246	423.858812	92.960104	2.706034	0.000011	220.923510	3.907310	-114.706800	-21.856200	0.000000
231122mapping_00000 LC.hys	301.422075	10973.552443	53.981115	2565827.758714	216.320246	453.885847	29.858152	4.276808	0.012825	0.001855	2.232747	-114.746800	-21.861200	0.000000
231122mapping_00000 LC.hys	404.449539	10973.593430	668.381781	4453780.259384	216.320246	416.763153	280.604763	2.463883	0.193621	370.022808	2.846870	-114.741800	-21.861200	0.000000
231122mapping_00000 LC.hys	421.410829	10973.589546	571.640100	4814990.725507	216.320246	435.808335	230.812746	2.279047	0.098253	380.264008	2.893435	-114.736800	-21.861200	0.000000
231122mapping_00000 LC.hys	371.281028	10973.566284	352.174211	3788590.588554	216.320246	394.650640	160.307389	2.896477	0.000000	238.853226	5.000000	-114.731800	-21.861200	0.000000
231122mapping_00000 LC.hys	377.556970	10973.571139	373.878304	3910274.092273	216.320246	399.569957	167.518005	2.806343	0.000000	252.816708	5.000000	-114.726800	-21.861200	0.000000
231122mapping_00000 LC.hys	400.471380	10973.547023	594.018770	4371123.261489	216.320246	414.326431	251.732025	2.510464	0.119155	361.178378	2.877004	-114.721800	-21.861200	0.000000
231122mapping_00000 LC.hys	385.546279	10973.496141	427.346671	4068000.327082	216.320246	404.804934	187.726102	2.697516	0.139208	336.307944	2.667515	-114.716800	-21.861200	0.000000
231122mapping_00000 LC.hys	325.095415	10973.499426	208.843298	2953111.359017	216.320246	364.503549	107.675144	3.715911	0.038402	229.860154	2.562480	-114.711800	-21.861200	0.000000
231122mapping_00000 LC.hys	369.917188	10973.538512	155.239381	3762405.311943	216.320246	422.933078	70.909421	2.916628	0.061990	256.016619	2.361317	-114.706800	-21.861200	0.000000
