Number of Data Points = 81
         
File	hc(nm)	Pmax(µN)	S(µN/nm)	A(nm^2)	hmax(nm)	heff(nm)	Er(GPa)	H(GPa)	A	hf(nm)	m	X(mm)	Y(mm)	Drift(nm/s)
231122mapping_00007 LC.hys	546.584346	10999.501046	90.231017	7921047.803483	757.377819	638.012173	28.405299	1.388642	0.000151	265.305995	3.057380	-114.701700	-21.731200	0.000000
231122mapping_00007 LC.hys	428.921018	10999.550426	918.881737	4979479.265954	757.377819	437.898956	364.840031	2.208976	0.000015	378.077261	4.997392	-114.696700	-21.731200	0.000000
231122mapping_00007 LC.hys	331.831467	10999.440697	242.895650	3068382.485613	757.377819	365.794943	122.856975	3.584768	0.000309	209.848170	3.443702	-114.691700	-21.731200	0.000000
231122mapping_00007 LC.hys	354.762662	10999.475172	222.660142	3477642.926106	757.377819	391.812878	105.787613	3.162911	0.006113	248.506956	2.900913	-114.686700	-21.731200	0.000000
231122mapping_00007 LC.hys	395.012179	10999.531574	281.720960	4258969.374657	757.377819	424.295228	120.948846	2.582674	0.000056	275.329231	3.815330	-114.681700	-21.731200	0.000000
231122mapping_00007 LC.hys	404.696591	10999.571395	321.573493	4458939.273737	757.377819	430.350691	134.927133	2.466858	0.000023	291.771843	4.051366	-114.676700	-21.731200	0.000000
231122mapping_00007 LC.hys	363.323714	10999.525204	212.370337	3637112.088747	757.377819	402.169270	98.662097	3.024247	0.026846	265.961773	2.629789	-114.671700	-21.731200	0.000000
231122mapping_00007 LC.hys	351.630231	10999.511632	155.495629	3420201.429449	757.377819	404.684029	74.495008	3.216042	1.382094	274.242190	1.844003	-114.666700	-21.731200	0.000000
231122mapping_00007 LC.hys	376.656428	10999.600568	142.723783	3892693.715814	757.377819	434.458291	64.092330	2.825704	1.762995	297.553046	1.776395	-114.661700	-21.731200	0.000000
231122mapping_00007 LC.hys	354.498503	10999.505154	115.311259	3472780.112183	757.377819	426.040770	54.823644	3.167349	0.008849	182.456628	2.553569	-114.701700	-21.736200	0.000000
231122mapping_00007 LC.hys	363.364559	10999.551580	695.993488	3637881.636009	757.377819	375.217635	323.307458	3.023614	35.650981	347.846036	1.731930	-114.696700	-21.736200	0.000000
231122mapping_00007 LC.hys	416.798225	10999.479061	800.498592	4715349.664269	757.377819	427.103814	326.616747	2.332696	0.002053	373.606052	3.893356	-114.691700	-21.736200	0.000000
231122mapping_00007 LC.hys	354.731423	10995.468969	374.821320	3477067.678553	757.377819	376.732844	178.095335	3.162282	0.073742	296.938848	2.720074	-114.686700	-21.736200	0.000000
231122mapping_00007 LC.hys	402.173329	10995.545947	466.757465	4406389.922012	757.377819	419.841304	197.008352	2.495364	0.000000	302.054801	5.000000	-114.681700	-21.736200	0.000000
231122mapping_00007 LC.hys	398.545077	10995.498173	487.302236	4331380.752161	757.377819	415.468093	207.453159	2.538567	0.155700	354.240128	2.713522	-114.676700	-21.736200	0.000000
231122mapping_00007 LC.hys	372.223230	10995.534729	341.584729	3806734.370023	757.377819	396.365559	155.116140	2.888443	0.000016	262.637814	4.154355	-114.671700	-21.736200	0.000000
231122mapping_00007 LC.hys	369.765641	10995.454778	200.454257	3759501.341642	757.377819	410.905157	91.597789	2.924711	0.022976	266.613675	2.630527	-114.666700	-21.736200	0.000000
231122mapping_00007 LC.hys	361.849824	10995.543320	209.812585	3609398.828163	757.377819	401.154700	97.847318	3.046364	0.001324	237.384436	3.124999	-114.661700	-21.736200	0.000000
231122mapping_00007 LC.hys	311.609871	10995.413648	85.128427	2729092.599176	757.377819	408.481862	45.656257	4.028963	0.000061	0.062693	3.162053	-114.701700	-21.741200	0.000000
231122mapping_00007 LC.hys	387.262385	10995.481182	603.107639	4102292.423392	757.377819	400.935916	263.825245	2.680326	3.877569	361.494492	2.163382	-114.696700	-21.741200	0.000000
231122mapping_00007 LC.hys	397.198070	10995.472189	540.334370	4303699.168742	757.377819	412.460109	230.768469	2.554889	0.180564	356.705440	2.739870	-114.691700	-21.741200	0.000000
231122mapping_00007 LC.hys	403.719010	10995.497301	601.912408	4438542.797372	757.377819	417.419713	253.132506	2.477276	0.000002	326.081694	5.000000	-114.686700	-21.741200	0.000000
231122mapping_00007 LC.hys	342.573825	10995.414634	417.508815	3256861.932091	757.377819	362.325650	204.974957	3.376076	0.035361	285.586713	2.913868	-114.681700	-21.741200	0.000000
231122mapping_00007 LC.hys	373.686205	10995.442587	616.032719	3834993.716707	757.377819	387.072802	278.712393	2.867134	0.188438	337.016720	2.804451	-114.676700	-21.741200	0.000000
231122mapping_00007 LC.hys	365.146586	10995.529462	381.120571	3671536.045542	757.377819	386.784481	176.227354	2.994804	0.142380	311.617760	2.605385	-114.671700	-21.741200	0.000000
231122mapping_00007 LC.hys	354.962520	10995.409171	227.313675	3481324.357907	757.377819	391.240834	107.941425	3.158398	0.000845	234.477475	3.240848	-114.666700	-21.741200	0.000000
231122mapping_00007 LC.hys	309.932691	10995.474190	193.777609	2701861.441002	757.377819	352.489752	104.449625	4.069592	0.000663	171.107041	3.196580	-114.661700	-21.741200	0.000000
231122mapping_00007 LC.hys	278.333543	10995.479460	59.945444	2214844.225760	757.377819	415.902124	35.687770	4.964448	0.012672	0.000000	2.267426	-114.701700	-21.746200	0.000000
231122mapping_00007 LC.hys	405.541572	10995.355314	694.294211	4476607.290176	757.377819	417.419126	290.739389	2.456180	0.550281	375.452471	2.649956	-114.696700	-21.746200	0.000000
231122mapping_00007 LC.hys	388.266030	10995.474843	581.751795	4122415.366294	757.377819	402.441502	253.861409	2.667241	0.153041	349.255099	2.814002	-114.691700	-21.746200	0.000000
231122mapping_00007 LC.hys	435.484176	10995.541023	659.599212	5125512.528011	757.377819	447.986702	258.134651	2.145257	0.126860	399.224421	2.925146	-114.686700	-21.746200	0.000000
231122mapping_00007 LC.hys	413.486213	10995.517779	358.643413	4644453.688493	757.377819	436.480190	147.445108	2.367451	0.014139	344.507097	2.999908	-114.681700	-21.746200	0.000000
231122mapping_00007 LC.hys	382.475249	10995.469777	524.807984	4006997.497055	757.377819	398.188810	232.287439	2.744067	0.315262	343.440576	2.613104	-114.676700	-21.746200	0.000000
231122mapping_00007 LC.hys	371.859942	10995.558798	424.517067	3799733.418853	757.377819	391.285944	192.953837	2.893771	0.036501	315.731324	2.917016	-114.671700	-21.746200	0.000000
231122mapping_00007 LC.hys	368.625919	10995.486998	276.871832	3737698.270079	757.377819	398.410875	126.885351	2.941780	0.000084	249.987851	3.737366	-114.666700	-21.746200	0.000000
231122mapping_00007 LC.hys	343.482781	10995.457471	191.601826	3273072.247788	757.377819	386.523044	93.833232	3.359369	0.000752	204.579657	3.170462	-114.661700	-21.746200	0.000000
231122mapping_00007 LC.hys	367.640923	10995.454344	92.750006	3718906.942010	757.377819	456.552946	42.612903	2.956636	0.000001	0.008954	3.851088	-114.701700	-21.751200	0.000000
231122mapping_00007 LC.hys	341.220550	10995.442056	552.379941	3232803.432852	757.377819	356.149734	272.196839	3.401210	7.586050	316.718747	1.980901	-114.696700	-21.751200	0.000000
231122mapping_00007 LC.hys	341.101338	10995.441617	394.693688	3230688.422261	757.377819	361.994961	194.557274	3.403436	0.060832	284.481338	2.782438	-114.691700	-21.751200	0.000000
231122mapping_00007 LC.hys	433.383208	10995.455368	532.035897	5078532.936890	757.377819	448.883274	209.173483	2.165085	0.111145	390.447571	2.827522	-114.686700	-21.751200	0.000000
231122mapping_00007 LC.hys	339.833806	10984.587315	419.818691	3208244.030032	757.377819	359.457612	207.664806	3.423863	0.058299	285.587541	2.823232	-114.681700	-21.751200	0.000000
231122mapping_00007 LC.hys	315.047662	10984.616217	525.544194	2785344.979338	757.377819	330.723722	279.000239	3.943718	0.000002	229.619598	4.837191	-114.676700	-21.751200	0.000000
231122mapping_00007 LC.hys	373.912281	10984.583840	556.520349	3839370.148401	757.377819	388.715761	251.643598	2.861038	0.000001	290.617121	4.970046	-114.671700	-21.751200	0.000000
231122mapping_00007 LC.hys	380.639485	10984.539795	279.225308	3970755.029169	757.377819	410.143991	124.151811	2.766360	0.000015	251.832116	4.024263	-114.666700	-21.751200	0.000000
231122mapping_00007 LC.hys	312.061854	10984.581425	204.487076	2736454.962464	757.377819	352.350151	109.523305	4.014165	0.000019	148.495563	3.794922	-114.661700	-21.751200	0.000000
231122mapping_00007 LC.hys	396.912898	10984.533072	80.514532	4297850.286472	757.377819	499.234797	34.409904	2.555820	0.004045	153.487605	2.534261	-114.701700	-21.756200	0.000000
231122mapping_00007 LC.hys	360.441512	10984.530644	595.731345	3583019.131202	757.377819	374.270561	278.843623	3.065719	40.489482	343.980050	1.642765	-114.696700	-21.756200	0.000000
231122mapping_00007 LC.hys	372.118426	10984.617868	523.341552	3804714.014895	757.377819	387.860465	237.716341	2.887107	0.259222	332.217289	2.651015	-114.691700	-21.756200	0.000000
231122mapping_00007 LC.hys	369.082995	10984.552812	542.567348	3746434.479457	757.377819	384.267128	248.358719	2.932002	0.000001	284.036910	4.950738	-114.686700	-21.756200	0.000000
231122mapping_00007 LC.hys	366.673089	10984.556446	425.447385	3700489.862659	757.377819	386.037217	195.952621	2.968406	0.112053	316.162619	2.706342	-114.681700	-21.756200	0.000000
231122mapping_00007 LC.hys	384.424252	10984.561821	575.357017	4045658.259367	757.377819	398.743050	253.441450	2.715148	0.387476	348.715786	2.620363	-114.676700	-21.756200	0.000000
231122mapping_00007 LC.hys	368.145480	10984.530413	447.558251	3728526.659191	757.377819	386.552911	205.359959	2.946078	0.000001	268.445971	4.812198	-114.671700	-21.756200	0.000000
231122mapping_00007 LC.hys	339.096059	10984.539403	278.983859	3195217.259050	757.377819	368.626099	138.281381	3.437807	0.048096	264.129611	2.653988	-114.666700	-21.756200	0.000000
231122mapping_00007 LC.hys	361.079755	10984.529131	203.573829	3594962.167113	757.377819	401.548596	95.128273	3.055534	0.024192	259.694037	2.628959	-114.661700	-21.756200	0.000000
231122mapping_00007 LC.hys	412.650449	10984.521780	94.030980	4626649.396139	757.377819	500.264035	38.732230	2.374185	0.034482	235.014898	2.270616	-114.701700	-21.761200	0.000000
231122mapping_00007 LC.hys	385.297995	10984.520989	626.785659	4063051.068475	757.377819	398.441868	275.503892	2.703515	60.305378	370.924433	1.570167	-114.696700	-21.761200	0.000000
231122mapping_00007 LC.hys	404.827601	10984.569464	611.380424	4461676.297091	757.377819	418.302725	256.446826	2.461983	0.000232	344.486980	4.108445	-114.691700	-21.761200	0.000000
231122mapping_00007 LC.hys	325.257622	10984.546122	397.480134	2955860.723961	757.377819	345.984217	204.836937	3.716192	0.071439	269.811891	2.756326	-114.686700	-21.761200	0.000000
231122mapping_00007 LC.hys	337.825023	10984.578826	343.494983	3172837.179256	757.377819	361.809170	170.856432	3.462068	0.015273	267.052999	2.963088	-114.681700	-21.761200	0.000000
231122mapping_00007 LC.hys	379.127777	10984.552721	650.360885	3941035.531264	757.377819	391.795228	290.257912	2.787225	0.035618	338.182489	3.174242	-114.676700	-21.761200	0.000000
231122mapping_00007 LC.hys	383.489729	10984.569626	627.172277	4027097.422222	757.377819	396.625557	276.901694	2.727664	0.000002	309.053369	5.000000	-114.671700	-21.761200	0.000000
231122mapping_00007 LC.hys	403.722492	10984.543456	385.697337	4438615.369270	757.377819	425.082265	162.202563	2.474768	0.035192	343.276429	2.872426	-114.666700	-21.761200	0.000000
231122mapping_00007 LC.hys	384.346451	10984.576974	230.709400	4044111.380315	757.377819	420.055584	101.645595	2.716191	0.000252	255.858454	3.448637	-114.661700	-21.761200	0.000000
231122mapping_00007 LC.hys	210.447724	10984.586284	110.013618	1335635.734652	757.377819	285.333360	84.340711	8.224238	0.041450	55.941044	2.297426	-114.701700	-21.766200	0.000000
231122mapping_00007 LC.hys	418.193186	10984.581014	611.504370	4745372.360341	757.377819	431.665593	248.713435	2.314799	68.352764	404.141214	1.532264	-114.696700	-21.766200	0.000000
231122mapping_00007 LC.hys	353.522566	10984.580964	565.069094	3454844.326374	757.377819	368.102085	269.353201	3.179472	0.056606	309.867865	2.995686	-114.691700	-21.766200	0.000000
231122mapping_00007 LC.hys	395.918680	10984.534893	547.982282	4277490.353333	757.377819	410.952745	234.750662	2.567986	0.000001	310.725646	5.000000	-114.686700	-21.766200	0.000000
231122mapping_00007 LC.hys	373.824869	10984.592322	387.935908	3837677.714518	757.377819	395.061481	175.452903	2.862302	0.039880	314.296405	2.852329	-114.681700	-21.766200	0.000000
231122mapping_00007 LC.hys	336.867677	10984.583868	630.725825	3156033.301182	757.377819	349.929514	314.560838	3.480503	0.000006	266.246147	4.805031	-114.676700	-21.766200	0.000000
231122mapping_00007 LC.hys	426.279578	10973.551289	529.548273	4921307.909751	757.377819	441.821435	211.495005	2.229804	0.000001	338.209055	5.000000	-114.671700	-21.766200	0.000000
231122mapping_00007 LC.hys	374.637681	10973.532079	287.847050	3853429.672781	757.377819	403.229772	129.919067	2.847731	0.000023	251.508399	3.979808	-114.666700	-21.766200	0.000000
231122mapping_00007 LC.hys	376.359307	10973.564221	207.841429	3886902.131559	757.377819	415.957636	93.403929	2.823216	0.019122	274.565972	2.677985	-114.661700	-21.766200	0.000000
231122mapping_00007 LC.hys	438.530003	10973.551121	113.076223	5194008.096614	757.377819	511.314212	43.959709	2.112733	0.000000	90.404807	4.337233	-114.701700	-21.771200	0.000000
231122mapping_00007 LC.hys	348.272057	10973.562203	672.564276	3359160.154312	757.377819	360.509061	325.127174	3.266758	0.016789	305.894180	3.347319	-114.696700	-21.771200	0.000000
231122mapping_00007 LC.hys	381.771206	10973.510365	770.846966	3993078.248221	757.377819	392.447947	341.781920	2.748133	0.000824	334.838648	4.046832	-114.691700	-21.771200	0.000000
231122mapping_00007 LC.hys	410.234552	10973.535175	513.537461	4575378.008932	757.377819	426.260941	212.712723	2.398389	0.130172	366.908605	2.777560	-114.686700	-21.771200	0.000000
231122mapping_00007 LC.hys	373.589279	10973.543573	313.127231	3833118.182362	757.377819	399.873028	141.703168	2.862824	0.037691	303.380162	2.753399	-114.681700	-21.771200	0.000000
231122mapping_00007 LC.hys	389.129672	10973.521583	543.152198	4139771.211843	757.377819	404.282223	236.520180	2.650756	0.000003	307.334287	4.798595	-114.676700	-21.771200	0.000000
231122mapping_00007 LC.hys	357.875423	10973.600480	548.762169	3535205.206789	757.377819	372.873178	258.589972	3.104092	0.000001	272.888147	5.000000	-114.671700	-21.771200	0.000000
231122mapping_00007 LC.hys	362.471145	10973.553485	252.551114	3621068.285294	757.377819	395.059262	117.588746	3.030474	0.000704	250.389779	3.329499	-114.666700	-21.771200	0.000000
231122mapping_00007 LC.hys	349.659572	10973.559062	212.275382	3384313.178160	757.377819	388.430762	102.234903	3.242477	0.005050	237.979082	2.910376	-114.661700	-21.771200	0.000000
