Number of Data Points = 81
         
File	hc(nm)	Pmax(µN)	S(µN/nm)	A(nm^2)	hmax(nm)	heff(nm)	Er(GPa)	H(GPa)	A	hf(nm)	m	X(mm)	Y(mm)	Drift(nm/s)
231122mapping_00004 LC.hys	374.436324	10999.497237	77.431835	3849524.398241	811.774238	480.976779	34.966393	2.857365	0.001216	98.359626	2.693464	-114.701700	-21.776200	0.000000
231122mapping_00004 LC.hys	413.677408	10999.545831	516.605069	4648531.570943	811.774238	429.646394	212.292963	2.366241	0.000095	341.415140	4.143872	-114.696700	-21.776200	0.000000
231122mapping_00004 LC.hys	375.685204	10999.531288	332.583636	3873778.495334	811.774238	400.489938	149.716034	2.839484	0.035290	308.062503	2.794651	-114.691700	-21.776200	0.000000
231122mapping_00004 LC.hys	348.229381	10999.524089	229.983383	3358388.029563	811.774238	384.099986	111.190030	3.275239	0.000429	223.468536	3.358560	-114.686700	-21.776200	0.000000
231122mapping_00004 LC.hys	323.422055	10999.503272	257.595009	2924824.376188	811.774238	355.447627	133.451167	3.760740	0.003512	224.442267	3.067986	-114.681700	-21.776200	0.000000
231122mapping_00004 LC.hys	405.451521	10999.520270	370.861805	4474722.688453	811.774238	427.696034	155.333051	2.458146	0.000001	285.839285	4.782868	-114.676700	-21.776200	0.000000
231122mapping_00004 LC.hys	396.532623	10999.598301	260.885749	4290057.117351	811.774238	428.154507	111.597290	2.563975	0.000001	239.005337	4.486193	-114.671700	-21.776200	0.000000
231122mapping_00004 LC.hys	399.665354	10999.533543	191.585398	4354471.392938	811.774238	442.725265	81.344747	2.526032	0.002907	273.294522	2.951076	-114.666700	-21.776200	0.000000
231122mapping_00004 LC.hys	357.672627	10999.625527	120.496919	3531440.414374	811.774238	426.136777	56.811313	3.114770	6.239973	287.737777	1.516111	-114.661700	-21.776200	0.000000
231122mapping_00004 LC.hys	325.660574	10999.560707	75.651026	2962696.305054	811.774238	434.709598	38.940909	3.712686	0.000143	0.081018	2.989219	-114.701700	-21.781200	0.000000
231122mapping_00004 LC.hys	385.539828	10999.579073	702.307609	4067871.699096	811.774238	397.286368	308.516630	2.704013	92.579932	373.633355	1.510212	-114.696700	-21.781200	0.000000
231122mapping_00004 LC.hys	379.367559	10999.545682	542.962647	3945741.998981	811.774238	394.561347	242.181207	2.787700	0.199612	339.410163	2.722388	-114.691700	-21.781200	0.000000
231122mapping_00004 LC.hys	418.710153	10995.543828	529.923057	4756523.116294	811.774238	434.272144	215.279581	2.311677	0.113560	375.737034	2.821061	-114.686700	-21.781200	0.000000
231122mapping_00004 LC.hys	386.798078	10995.439163	462.092957	4093000.010926	811.774238	404.644226	202.368683	2.686401	0.044840	335.045175	2.924961	-114.681700	-21.781200	0.000000
231122mapping_00004 LC.hys	361.875442	10995.487172	604.769300	3609879.596472	811.774238	375.511411	282.018895	3.045943	0.350062	327.009499	2.667682	-114.676700	-21.781200	0.000000
231122mapping_00004 LC.hys	419.704566	10995.451122	398.258893	4778009.403790	811.774238	440.411168	161.427236	2.301262	0.012916	355.528911	3.074464	-114.671700	-21.781200	0.000000
231122mapping_00004 LC.hys	370.457116	10995.454311	236.943998	3772760.724580	811.774238	405.261081	108.081387	2.914432	0.000239	244.158963	3.471633	-114.666700	-21.781200	0.000000
231122mapping_00004 LC.hys	401.611696	10995.513674	199.161253	4394736.271676	811.774238	443.018521	84.173090	2.501973	0.000741	266.751440	3.192718	-114.661700	-21.781200	0.000000
231122mapping_00004 LC.hys	324.293822	10995.475012	70.569542	2939543.675239	811.774238	441.151690	36.468019	3.740538	0.000358	0.000000	2.831335	-114.701700	-21.786200	0.000000
231122mapping_00004 LC.hys	370.547526	10995.470321	707.819268	3774496.147764	811.774238	382.198244	322.795682	2.913096	0.591990	341.105361	2.645302	-114.696700	-21.786200	0.000000
231122mapping_00004 LC.hys	400.743904	10995.514580	763.109390	4376760.683832	811.774238	411.550528	323.180557	2.512249	0.000056	345.794453	4.563595	-114.691700	-21.786200	0.000000
231122mapping_00004 LC.hys	426.154649	10995.484372	576.505704	4918565.216616	811.774238	440.459127	230.313407	2.235506	0.069627	383.887277	2.966126	-114.686700	-21.786200	0.000000
231122mapping_00004 LC.hys	391.391244	10995.400581	458.356956	4185395.020216	811.774238	409.382791	198.504533	2.627088	0.000000	289.439148	5.000000	-114.681700	-21.786200	0.000000
231122mapping_00004 LC.hys	412.897235	10995.499531	604.766186	4631903.080854	811.774238	426.533289	248.967465	2.373862	0.380176	378.338692	2.650763	-114.676700	-21.786200	0.000000
231122mapping_00004 LC.hys	382.727481	10995.511490	384.973699	4011990.232274	811.774238	404.148772	170.288749	2.740663	0.141894	329.575152	2.610964	-114.671700	-21.786200	0.000000
231122mapping_00004 LC.hys	363.244684	10995.528599	210.501044	3635623.386513	811.774238	402.420958	97.813689	3.024386	0.005819	251.871773	2.882150	-114.666700	-21.786200	0.000000
231122mapping_00004 LC.hys	391.814798	10995.440888	190.762244	4193967.736180	811.774238	435.044425	82.530544	2.621728	0.000006	207.777037	3.942910	-114.661700	-21.786200	0.000000
231122mapping_00004 LC.hys	276.377054	10995.458625	70.742609	2186315.343204	811.774238	392.948864	42.389617	5.029219	0.003041	0.036362	2.527921	-114.701700	-21.791200	0.000000
231122mapping_00004 LC.hys	383.030026	10995.510709	613.715958	4017982.997891	811.774238	396.467240	271.267770	2.736575	66.331629	368.869367	1.540379	-114.696700	-21.791200	0.000000
231122mapping_00004 LC.hys	345.458398	10995.502008	469.762319	3308446.562746	811.774238	363.013289	228.823668	3.323464	0.000004	254.737658	4.625874	-114.691700	-21.791200	0.000000
231122mapping_00004 LC.hys	410.851645	10995.431649	587.536263	4588446.792128	811.774238	424.887500	243.017000	2.396330	0.000002	331.315134	5.000000	-114.686700	-21.791200	0.000000
231122mapping_00004 LC.hys	344.951660	10995.500323	430.197116	3299354.758138	811.774238	364.121071	209.839777	3.332621	0.000000	237.181402	4.966493	-114.681700	-21.791200	0.000000
231122mapping_00004 LC.hys	329.679580	10995.452301	418.223979	3031313.877075	811.774238	349.397697	212.827775	3.627289	0.005868	264.010967	3.247777	-114.676700	-21.791200	0.000000
231122mapping_00004 LC.hys	362.422349	10995.495227	380.586976	3620151.123760	811.774238	384.090514	177.225170	3.037303	0.000003	253.998029	4.502890	-114.671700	-21.791200	0.000000
231122mapping_00004 LC.hys	350.606829	10995.404930	236.454400	3401539.947731	811.774238	385.482702	113.591136	3.232479	0.001022	235.262687	3.230457	-114.666700	-21.791200	0.000000
231122mapping_00004 LC.hys	346.449745	10995.519058	194.663923	3326269.928173	811.774238	388.813215	94.567423	3.305660	0.001828	217.409394	3.034522	-114.661700	-21.791200	0.000000
231122mapping_00004 LC.hys	392.865926	10995.480510	86.686818	4215280.932860	811.774238	487.997003	37.408873	2.608481	0.045625	208.879459	2.200523	-114.701700	-21.796200	0.000000
231122mapping_00004 LC.hys	366.117279	10995.431332	623.864206	3689934.229258	811.774238	379.335819	287.750167	2.979845	7.849423	343.623885	2.026241	-114.696700	-21.796200	0.000000
231122mapping_00004 LC.hys	377.230587	10995.507442	559.530142	3903897.801685	811.774238	391.969079	250.904873	2.816546	0.298597	339.737435	2.657920	-114.691700	-21.796200	0.000000
231122mapping_00004 LC.hys	428.101517	10995.390047	617.279316	4961394.762854	811.774238	441.461016	245.535708	2.216189	0.095374	389.028123	2.943574	-114.686700	-21.796200	0.000000
231122mapping_00004 LC.hys	377.164842	10984.522497	453.853946	3902614.030584	811.774238	395.316919	203.550954	2.814658	0.000000	274.303071	5.000000	-114.681700	-21.796200	0.000000
231122mapping_00004 LC.hys	373.189560	10984.561770	640.833528	3825388.476191	811.774238	386.045351	290.296822	2.871489	0.357493	339.838546	2.695681	-114.676700	-21.796200	0.000000
231122mapping_00004 LC.hys	383.055754	10984.588162	403.607237	4018492.835158	811.774238	403.467780	178.386578	2.733509	0.133800	331.458813	2.645829	-114.671700	-21.796200	0.000000
231122mapping_00004 LC.hys	394.022542	10984.565018	295.448698	4238796.305674	811.774238	421.906990	127.143931	2.591435	0.000009	267.800748	4.144951	-114.666700	-21.796200	0.000000
231122mapping_00004 LC.hys	414.104643	10984.563445	228.902824	4657650.374835	811.774238	450.095560	93.972880	2.358392	0.000014	262.450115	3.910267	-114.661700	-21.796200	0.000000
231122mapping_00004 LC.hys	401.541434	10984.555895	73.639683	4393279.482136	811.774238	513.416127	31.128079	2.500309	0.001839	123.328606	2.615119	-114.701700	-21.801200	0.000000
231122mapping_00004 LC.hys	411.357955	10984.506128	565.087741	4599183.477947	811.774238	425.936893	233.458852	2.388360	99.687431	398.375709	1.417860	-114.696700	-21.801200	0.000000
231122mapping_00004 LC.hys	393.689431	10984.575426	574.523967	4232016.972785	811.774238	408.029010	247.439642	2.595589	0.273382	356.590484	2.690379	-114.691700	-21.801200	0.000000
231122mapping_00004 LC.hys	405.608120	10984.576762	522.115135	4478000.266464	811.774238	421.387078	218.604478	2.453009	0.164680	363.744746	2.739836	-114.686700	-21.801200	0.000000
231122mapping_00004 LC.hys	398.962019	10984.537859	442.329611	4339967.309280	811.774238	417.587051	188.121145	2.531019	0.112035	349.876837	2.726581	-114.681700	-21.801200	0.000000
231122mapping_00004 LC.hys	397.238386	10984.566135	560.519623	4304526.375801	811.774238	411.936220	239.366276	2.551864	0.289393	359.699714	2.665521	-114.676700	-21.801200	0.000000
231122mapping_00004 LC.hys	359.021666	10984.569705	380.235666	3556522.830290	811.774238	380.688300	178.638424	3.088570	0.007264	289.584589	3.153595	-114.671700	-21.801200	0.000000
231122mapping_00004 LC.hys	332.512401	10984.561273	201.759980	3080160.099117	811.774238	373.345182	101.855201	3.566231	0.004093	214.352732	2.920309	-114.666700	-21.801200	0.000000
231122mapping_00004 LC.hys	305.638880	10984.605892	172.490795	2632780.831117	811.774238	353.400585	94.187528	4.172245	0.046809	197.447965	2.448917	-114.661700	-21.801200	0.000000
231122mapping_00004 LC.hys	366.129774	10984.590552	86.233763	3690171.350575	811.774238	461.665938	39.773050	2.976716	0.000007	19.170542	3.473779	-114.701700	-21.806200	0.000000
231122mapping_00004 LC.hys	398.410100	10984.504781	610.921671	4328602.882255	811.774238	411.895264	260.163572	2.537656	75.940171	384.790253	1.507491	-114.696700	-21.806200	0.000000
231122mapping_00004 LC.hys	382.311601	10984.545997	581.856423	4003759.923883	811.774238	396.470437	257.641991	2.743558	0.033971	337.681957	3.114053	-114.691700	-21.806200	0.000000
231122mapping_00004 LC.hys	247.893744	10984.595252	366.236245	1792433.881243	811.774238	270.388641	242.367609	6.128313	0.000004	136.496246	4.464092	-114.686700	-21.806200	0.000000
231122mapping_00004 LC.hys	362.329557	10984.531472	379.245362	3618407.344013	811.774238	384.052693	176.642978	3.035737	0.105532	307.024672	2.659423	-114.681700	-21.806200	0.000000
231122mapping_00004 LC.hys	377.179654	10984.571378	644.679144	3902903.244312	811.774238	389.958769	289.124275	2.814462	0.185792	341.672728	2.833884	-114.676700	-21.806200	0.000000
231122mapping_00004 LC.hys	368.110323	10984.578186	522.743333	3727855.962491	811.774238	383.870321	239.879850	2.946621	0.000001	278.803670	5.000000	-114.671700	-21.806200	0.000000
231122mapping_00004 LC.hys	355.474611	10984.526172	271.165590	3490766.217075	811.774238	385.856027	128.590541	3.146738	0.000041	230.154790	3.843663	-114.666700	-21.806200	0.000000
231122mapping_00004 LC.hys	369.627192	10984.541086	222.718707	3756849.355967	811.774238	406.617376	101.807467	2.923871	0.000596	244.461073	3.287824	-114.661700	-21.806200	0.000000
231122mapping_00004 LC.hys	53.176996	10984.533922	90.149261	161366.056779	811.774238	144.563219	198.834117	68.072147	30.071097	0.004826	1.186380	-114.701700	-21.811200	0.000000
231122mapping_00004 LC.hys	405.218468	10984.591842	592.704329	4469847.214213	811.774238	419.118221	248.385699	2.457487	0.052569	362.798553	3.038885	-114.696700	-21.811200	0.000000
231122mapping_00004 LC.hys	406.883703	10984.564726	498.578386	4504743.072571	811.774238	423.407531	208.129319	2.438444	0.349170	366.860618	2.566608	-114.691700	-21.811200	0.000000
231122mapping_00004 LC.hys	251.297873	10984.552728	191.147773	1837396.159750	811.774238	294.397588	124.940336	5.978326	0.013607	139.415126	2.696928	-114.686700	-21.811200	0.000000
231122mapping_00004 LC.hys	347.014482	10984.552153	422.011657	3336445.068189	811.774238	366.536251	204.699738	3.292292	0.041192	291.275195	2.891428	-114.681700	-21.811200	0.000000
231122mapping_00004 LC.hys	360.355835	10984.560150	591.571055	3581417.446325	811.774238	374.282176	276.958228	3.067099	0.272500	324.016542	2.707045	-114.676700	-21.811200	0.000000
231122mapping_00004 LC.hys	188.659832	10973.567039	323.844398	1101682.384002	811.774238	214.073813	273.365066	9.960736	0.000004	66.391891	4.358288	-114.671700	-21.811200	0.000000
231122mapping_00004 LC.hys	389.961033	10973.569534	281.444994	4156513.225201	811.774238	419.203611	122.310509	2.640090	0.000005	254.675687	4.219735	-114.666700	-21.811200	0.000000
231122mapping_00004 LC.hys	375.044365	10973.521088	245.516744	3861323.322187	811.774238	408.566074	110.700061	2.841907	0.000003	219.416378	4.231952	-114.661700	-21.811200	0.000000
231122mapping_00004 LC.hys	477.887845	10973.560685	96.186307	6120409.063859	811.774238	563.452732	34.447511	1.792946	0.024324	297.431172	2.331753	-114.701700	-21.816200	0.000000
231122mapping_00004 LC.hys	414.788317	10973.538559	551.144341	4672261.360606	811.774238	429.721164	225.910604	2.348657	50.777924	398.590268	1.563545	-114.696700	-21.816200	0.000000
231122mapping_00004 LC.hys	427.020456	10973.558774	624.335819	4937589.099562	811.774238	440.202735	248.940529	2.222453	0.000247	367.904449	4.113379	-114.691700	-21.816200	0.000000
231122mapping_00004 LC.hys	371.506041	10973.549068	395.578274	3792919.621870	811.774238	392.311435	179.961846	2.893167	0.000000	253.608809	5.000000	-114.686700	-21.816200	0.000000
231122mapping_00004 LC.hys	393.569732	10973.551802	431.727887	4229582.244312	811.774238	412.633045	185.992826	2.594477	0.046829	339.430110	2.879993	-114.681700	-21.816200	0.000000
231122mapping_00004 LC.hys	392.437876	10973.597978	538.748959	4206594.987255	811.774238	407.714376	232.731904	2.608665	0.285911	353.796030	2.647122	-114.676700	-21.816200	0.000000
231122mapping_00004 LC.hys	371.463610	10973.526174	939.991511	3792103.104723	811.774238	380.219162	427.679754	2.893784	0.015935	338.230461	3.596749	-114.671700	-21.816200	0.000000
231122mapping_00004 LC.hys	366.713255	10973.481586	272.307586	3701253.260787	811.774238	396.936839	125.406535	2.964802	0.000023	238.139955	3.940554	-114.666700	-21.816200	0.000000
231122mapping_00004 LC.hys	389.372036	10973.510606	218.703846	4144648.414518	811.774238	427.003441	95.180373	2.647634	0.000001	207.604726	4.372652	-114.661700	-21.816200	0.000000
